x,y
0.000000,0.000000
-0.000007,0.002406
-0.000014,0.004811
-0.000021,0.007217
-0.000029,0.009622
-0.000036,0.012027
-0.000043,0.014433
-0.000050,0.016838
-0.000057,0.019243
-0.000065,0.021648
-0.000072,0.024053
-0.000079,0.026458
-0.000086,0.028863
-0.000093,0.031267
-0.000101,0.033672
-0.000108,0.036077
-0.000115,0.038481
-0.000123,0.040886
-0.000130,0.043290
-0.000137,0.045695
-0.000144,0.048099
-0.000152,0.050503
-0.000159,0.052907
-0.000166,0.055311
-0.000174,0.057715
-0.000181,0.060119
-0.000189,0.062523
-0.000196,0.064927
-0.000203,0.067331
-0.000211,0.069734
-0.000218,0.072138
-0.000226,0.074541
-0.000233,0.076945
-0.000240,0.079348
-0.000248,0.081752
-0.000255,0.084155
-0.000263,0.086558
-0.000270,0.088961
-0.000278,0.091364
-0.000285,0.093767
-0.000293,0.096170
-0.000300,0.098573
-0.000308,0.100976
-0.000315,0.103378
-0.000323,0.105781
-0.000330,0.108184
-0.000338,0.110586
-0.000346,0.112988
-0.000353,0.115391
-0.000361,0.117793
-0.000368,0.120195
-0.000376,0.122597
-0.000384,0.124999
-0.000391,0.127401
-0.000399,0.129803
-0.000407,0.132205
-0.000414,0.134607
-0.000422,0.137009
-0.000430,0.139410
-0.000437,0.141812
-0.000445,0.144213
-0.000453,0.146615
-0.000460,0.149016
-0.000468,0.151418
-0.000476,0.153819
-0.000484,0.156220
-0.000491,0.158621
-0.000499,0.161022
-0.000507,0.163423
-0.000515,0.165824
-0.000522,0.168225
-0.000530,0.170625
-0.000538,0.173026
-0.000546,0.175427
-0.000554,0.177827
-0.000562,0.180228
-0.000569,0.182628
-0.000577,0.185028
-0.000585,0.187429
-0.000593,0.189829
-0.000601,0.192229
-0.000609,0.194629
-0.000617,0.197029
-0.000625,0.199429
-0.000633,0.201829
-0.000640,0.204229
-0.000648,0.206628
-0.000656,0.209028
-0.000664,0.211428
-0.000672,0.213827
-0.000680,0.216226
-0.000688,0.218626
-0.000696,0.221025
-0.000704,0.223424
-0.000712,0.225823
-0.000720,0.228223
-0.000728,0.230622
-0.000736,0.233020
-0.000745,0.235419
-0.000753,0.237818
-0.000761,0.240217
-0.000769,0.242616
-0.000777,0.245014
-0.000785,0.247413
-0.000793,0.249811
-0.000801,0.252209
-0.000809,0.254608
-0.000817,0.257006
-0.000826,0.259404
-0.000834,0.261802
-0.000842,0.264200
-0.000850,0.266598
-0.000858,0.268996
-0.000867,0.271394
-0.000875,0.273792
-0.000883,0.276190
-0.000891,0.278587
-0.000899,0.280985
-0.000908,0.283382
-0.000916,0.285780
-0.000924,0.288177
-0.000933,0.290574
-0.000941,0.292971
-0.000949,0.295369
-0.000957,0.297766
-0.000966,0.300163
-0.000974,0.302560
-0.000982,0.304956
-0.000991,0.307353
-0.000999,0.309750
-0.001007,0.312147
-0.001016,0.314543
-0.001024,0.316940
-0.001033,0.319336
-0.001041,0.321732
-0.001049,0.324129
-0.001058,0.326525
-0.001066,0.328921
-0.001075,0.331317
-0.001083,0.333713
-0.001092,0.336109
-0.001100,0.338505
-0.001109,0.340901
-0.001117,0.343297
-0.001126,0.345692
-0.001134,0.348088
-0.001143,0.350483
-0.001151,0.352879
-0.001160,0.355274
-0.001168,0.357670
-0.001177,0.360065
-0.001185,0.362460
-0.001194,0.364855
-0.001202,0.367250
-0.001211,0.369645
-0.001220,0.372040
-0.001228,0.374435
-0.001237,0.376830
-0.001246,0.379224
-0.001254,0.381619
-0.001263,0.384014
-0.001272,0.386408
-0.001280,0.388803
-0.001289,0.391197
-0.001298,0.393591
-0.001306,0.395985
-0.001315,0.398380
-0.001324,0.400774
-0.001332,0.403168
-0.001341,0.405562
-0.001350,0.407955
-0.001359,0.410349
-0.001367,0.412743
-0.001376,0.415137
-0.001385,0.417530
-0.001394,0.419924
-0.001403,0.422317
-0.001411,0.424711
-0.001420,0.427104
-0.001429,0.429497
-0.001438,0.431890
-0.001447,0.434283
-0.001456,0.436676
-0.001464,0.439069
-0.001473,0.441462
-0.001482,0.443855
-0.001491,0.446248
-0.001500,0.448641
-0.001509,0.451033
-0.001518,0.453426
-0.001527,0.455818
-0.001536,0.458211
-0.001545,0.460603
-0.001554,0.462995
-0.001563,0.465387
-0.001572,0.467780
-0.001581,0.470172
-0.001590,0.472564
-0.001599,0.474956
-0.001608,0.477347
-0.001617,0.479739
-0.001626,0.482131
-0.001635,0.484523
-0.001644,0.486914
-0.001653,0.489306
-0.001662,0.491697
-0.001671,0.494088
-0.001680,0.496480
-0.001689,0.498871
-0.001698,0.501262
-0.001707,0.503653
-0.001717,0.506044
-0.001726,0.508435
-0.001735,0.510826
-0.001744,0.513217
-0.001753,0.515608
-0.001762,0.517998
-0.001772,0.520389
-0.001781,0.522779
-0.001790,0.525170
-0.001799,0.527560
-0.001809,0.529951
-0.001818,0.532341
-0.001827,0.534731
-0.001836,0.537121
-0.001846,0.539511
-0.001855,0.541901
-0.001864,0.544291
-0.001873,0.546681
-0.001883,0.549071
-0.001892,0.551460
-0.001901,0.553850
-0.001911,0.556240
-0.001920,0.558629
-0.001929,0.561019
-0.001939,0.563408
-0.001948,0.565797
-0.001957,0.568186
-0.001967,0.570576
-0.001976,0.572965
-0.001986,0.575354
-0.001995,0.577743
-0.002005,0.580131
-0.002014,0.582520
-0.002023,0.584909
-0.002033,0.587298
-0.002042,0.589686
-0.002052,0.592075
-0.002061,0.594463
-0.002071,0.596852
-0.002080,0.599240
-0.002090,0.601628
-0.002099,0.604016
-0.002109,0.606404
-0.002118,0.608792
-0.002128,0.611180
-0.002138,0.613568
-0.002147,0.615956
-0.002157,0.618344
-0.002166,0.620732
-0.002176,0.623119
-0.002185,0.625507
-0.002195,0.627894
-0.002205,0.630282
-0.002214,0.632669
-0.002224,0.635056
-0.002234,0.637443
-0.002243,0.639830
-0.002253,0.642218
-0.002263,0.644605
-0.002272,0.646991
-0.002282,0.649378
-0.002292,0.651765
-0.002302,0.654152
-0.002311,0.656538
-0.002321,0.658925
-0.002331,0.661312
-0.002341,0.663698
-0.002350,0.666084
-0.002360,0.668471
-0.002370,0.670857
-0.002380,0.673243
-0.002389,0.675629
-0.002399,0.678015
-0.002409,0.680401
-0.002419,0.682787
-0.002429,0.685173
-0.002439,0.687558
-0.002449,0.689944
-0.002458,0.692330
-0.002468,0.694715
-0.002478,0.697101
-0.002488,0.699486
-0.002498,0.701871
-0.002508,0.704257
-0.002518,0.706642
-0.002528,0.709027
-0.002538,0.711412
-0.002548,0.713797
-0.002558,0.716182
-0.002568,0.718567
-0.002578,0.720952
-0.002588,0.723336
-0.002598,0.725721
-0.002608,0.728105
-0.002618,0.730490
-0.002628,0.732874
-0.002638,0.735259
-0.002648,0.737643
-0.002658,0.740027
-0.002668,0.742411
-0.002678,0.744795
-0.002688,0.747179
-0.002698,0.749563
-0.002708,0.751947
-0.002718,0.754331
-0.002729,0.756715
-0.002739,0.759098
-0.002749,0.761482
-0.002759,0.763865
-0.002769,0.766249
-0.002779,0.768632
-0.002790,0.771016
-0.002800,0.773399
-0.002810,0.775782
-0.002820,0.778165
-0.002830,0.780548
-0.002841,0.782931
-0.002851,0.785314
-0.002861,0.787697
-0.002871,0.790079
-0.002882,0.792462
-0.002892,0.794845
-0.002902,0.797227
-0.002913,0.799610
-0.002923,0.801992
-0.002933,0.804375
-0.002944,0.806757
-0.002954,0.809139
-0.002964,0.811521
-0.002975,0.813903
-0.002985,0.816285
-0.002995,0.818667
-0.003006,0.821049
-0.003016,0.823431
-0.003027,0.825812
-0.003037,0.828194
-0.003047,0.830576
-0.003058,0.832957
-0.003068,0.835339
-0.003079,0.837720
-0.003089,0.840101
-0.003100,0.842482
-0.003110,0.844864
-0.003121,0.847245
-0.003131,0.849626
-0.003142,0.852007
-0.003152,0.854387
-0.003163,0.856768
-0.003173,0.859149
-0.003184,0.861530
-0.003194,0.863910
-0.003205,0.866291
-0.003215,0.868671
-0.003226,0.871052
-0.003237,0.873432
-0.003247,0.875812
-0.003258,0.878192
-0.003268,0.880572
-0.003279,0.882952
-0.003290,0.885332
-0.003300,0.887712
-0.003311,0.890092
-0.003322,0.892472
-0.003332,0.894852
-0.003343,0.897231
-0.003354,0.899611
-0.003364,0.901990
-0.003375,0.904370
-0.003386,0.906749
-0.003397,0.909128
-0.003407,0.911508
-0.003418,0.913887
-0.003429,0.916266
-0.003440,0.918645
-0.003450,0.921024
-0.003461,0.923403
-0.003472,0.925781
-0.003483,0.928160
-0.003494,0.930539
-0.003504,0.932917
-0.003515,0.935296
-0.003526,0.937674
-0.003537,0.940053
-0.003548,0.942431
-0.003559,0.944809
-0.003570,0.947187
-0.003581,0.949565
-0.003591,0.951943
-0.003602,0.954321
-0.003613,0.956699
-0.003624,0.959077
-0.003635,0.961455
-0.003646,0.963832
-0.003657,0.966210
-0.003668,0.968588
-0.003679,0.970965
-0.003690,0.973342
-0.003701,0.975720
-0.003712,0.978097
-0.003723,0.980474
-0.003734,0.982851
-0.003745,0.985228
-0.003756,0.987605
-0.003767,0.989982
-0.003778,0.992359
-0.003789,0.994736
-0.003800,0.997113
-0.003812,0.999489
-0.003823,1.001866
-0.003834,1.004242
-0.003845,1.006619
-0.003856,1.008995
-0.003867,1.011371
-0.003878,1.013748
-0.003889,1.016124
-0.003901,1.018500
-0.003912,1.020876
-0.003923,1.023252
-0.003934,1.025628
-0.003945,1.028003
-0.003957,1.030379
-0.003968,1.032755
-0.003979,1.035130
-0.003990,1.037506
-0.004002,1.039881
-0.004013,1.042257
-0.004024,1.044632
-0.004035,1.047007
-0.004047,1.049382
-0.004058,1.051758
-0.004069,1.054133
-0.004081,1.056508
-0.004092,1.058882
-0.004103,1.061257
-0.004115,1.063632
-0.004126,1.066007
-0.004137,1.068381
-0.004149,1.070756
-0.004160,1.073130
-0.004172,1.075505
-0.004183,1.077879
-0.004194,1.080253
-0.004206,1.082628
-0.004217,1.085002
-0.004229,1.087376
-0.004240,1.089750
-0.004252,1.092124
-0.004263,1.094497
-0.004275,1.096871
-0.004286,1.099245
-0.004297,1.101619
-0.004309,1.103992
-0.004321,1.106366
-0.004332,1.108739
-0.004344,1.111112
-0.004355,1.113486
-0.004367,1.115859
-0.004378,1.118232
-0.004390,1.120605
-0.004401,1.122978
-0.004413,1.125351
-0.004425,1.127724
-0.004436,1.130097
-0.004448,1.132470
-0.004459,1.134842
-0.004471,1.137215
-0.004483,1.139587
-0.004494,1.141960
-0.004506,1.144332
-0.004518,1.146705
-0.004529,1.149077
-0.004541,1.151449
-0.004553,1.153821
-0.004565,1.156193
-0.004576,1.158565
-0.004588,1.160937
-0.004600,1.163309
-0.004612,1.165681
-0.004623,1.168052
-0.004635,1.170424
-0.004647,1.172795
-0.004659,1.175167
-0.004670,1.177538
-0.004682,1.179910
-0.004694,1.182281
-0.004706,1.184652
-0.004718,1.187023
-0.004730,1.189394
-0.004741,1.191765
-0.004753,1.194136
-0.004765,1.196507
-0.004777,1.198878
-0.004789,1.201249
-0.004801,1.203619
-0.004813,1.205990
-0.004825,1.208360
-0.004837,1.210731
-0.004849,1.213101
-0.004860,1.215472
-0.004872,1.217842
-0.004884,1.220212
-0.004896,1.222582
-0.004908,1.224952
-0.004920,1.227322
-0.004932,1.229692
-0.004944,1.232062
-0.004956,1.234431
-0.004968,1.236801
-0.004981,1.239171
-0.004993,1.241540
-0.005005,1.243910
-0.005017,1.246279
-0.005029,1.248648
-0.005041,1.251018
-0.005053,1.253387
-0.005065,1.255756
-0.005077,1.258125
-0.005089,1.260494
-0.005101,1.262863
-0.005114,1.265232
-0.005126,1.267601
-0.005138,1.269969
-0.005150,1.272338
-0.005162,1.274707
-0.005174,1.277075
-0.005187,1.279443
-0.005199,1.281812
-0.005211,1.284180
-0.005223,1.286548
-0.005236,1.288916
-0.005248,1.291284
-0.005260,1.293653
-0.005272,1.296020
-0.005285,1.298388
-0.005297,1.300756
-0.005309,1.303124
-0.005322,1.305491
-0.005334,1.307859
-0.005346,1.310227
-0.005359,1.312594
-0.005371,1.314961
-0.005383,1.317329
-0.005396,1.319696
-0.005408,1.322063
-0.005420,1.324430
-0.005433,1.326797
-0.005445,1.329164
-0.005458,1.331531
-0.005470,1.333898
-0.005482,1.336265
-0.005495,1.338631
-0.005507,1.340998
-0.005520,1.343365
-0.005532,1.345731
-0.005545,1.348097
-0.005557,1.350464
-0.005570,1.352830
-0.005582,1.355196
-0.005595,1.357562
-0.005607,1.359928
-0.005620,1.362294
-0.005632,1.364660
-0.005645,1.367026
-0.005657,1.369392
-0.005670,1.371758
-0.005683,1.374123
-0.005695,1.376489
-0.005708,1.378854
-0.005720,1.381220
-0.005733,1.383585
-0.005746,1.385950
-0.005758,1.388316
-0.005771,1.390681
-0.005783,1.393046
-0.005796,1.395411
-0.005809,1.397776
-0.005822,1.400141
-0.005834,1.402506
-0.005847,1.404870
-0.005860,1.407235
-0.005872,1.409600
-0.005885,1.411964
-0.005898,1.414329
-0.005911,1.416693
-0.005923,1.419057
-0.005936,1.421422
-0.005949,1.423786
-0.005962,1.426150
-0.005974,1.428514
-0.005987,1.430878
-0.006000,1.433242
-0.006013,1.435606
-0.006026,1.437969
-0.006039,1.440333
-0.006051,1.442697
-0.006064,1.445060
-0.006077,1.447424
-0.006090,1.449787
-0.006103,1.452150
-0.006116,1.454514
-0.006129,1.456877
-0.006142,1.459240
-0.006155,1.461603
-0.006167,1.463966
-0.006180,1.466329
-0.006193,1.468692
-0.006206,1.471055
-0.006219,1.473417
-0.006232,1.475780
-0.006245,1.478143
-0.006258,1.480505
-0.006271,1.482868
-0.006284,1.485230
-0.006297,1.487592
-0.006310,1.489955
-0.006323,1.492317
-0.006336,1.494679
-0.006350,1.497041
-0.006363,1.499403
-0.006376,1.501765
-0.006389,1.504126
-0.006402,1.506488
-0.006415,1.508850
-0.006428,1.511211
-0.006441,1.513573
-0.006454,1.515934
-0.006468,1.518296
-0.006481,1.520657
-0.006494,1.523018
-0.006507,1.525380
-0.006520,1.527741
-0.006533,1.530102
-0.006547,1.532463
-0.006560,1.534824
-0.006573,1.537185
-0.006586,1.539545
-0.006600,1.541906
-0.006613,1.544267
-0.006626,1.546627
-0.006639,1.548988
-0.006653,1.551348
-0.006666,1.553708
-0.006679,1.556069
-0.006693,1.558429
-0.006706,1.560789
-0.006719,1.563149
-0.006732,1.565509
-0.006746,1.567869
-0.006759,1.570229
-0.006773,1.572589
-0.006786,1.574948
-0.006799,1.577308
-0.006813,1.579668
-0.006826,1.582027
-0.006840,1.584387
-0.006853,1.586746
-0.006866,1.589105
-0.006880,1.591465
-0.006893,1.593824
-0.006907,1.596183
-0.006920,1.598542
-0.006934,1.600901
-0.006947,1.603260
-0.006961,1.605619
-0.006974,1.607977
-0.006988,1.610336
-0.007001,1.612695
-0.007015,1.615053
-0.007028,1.617412
-0.007042,1.619770
-0.007055,1.622128
-0.007069,1.624487
-0.007083,1.626845
-0.007096,1.629203
-0.007110,1.631561
-0.007123,1.633919
-0.007137,1.636277
-0.007151,1.638635
-0.007164,1.640993
-0.007178,1.643350
-0.007191,1.645708
-0.007205,1.648065
-0.007219,1.650423
-0.007233,1.652780
-0.007246,1.655138
-0.007260,1.657495
-0.007274,1.659852
-0.007287,1.662209
-0.007301,1.664566
-0.007315,1.666923
-0.007329,1.669280
-0.007342,1.671637
-0.007356,1.673994
-0.007370,1.676351
-0.007384,1.678707
-0.007397,1.681064
-0.007411,1.683421
-0.007425,1.685777
-0.007439,1.688133
-0.007453,1.690490
-0.007467,1.692846
-0.007480,1.695202
-0.007494,1.697558
-0.007508,1.699914
-0.007522,1.702270
-0.007536,1.704626
-0.007550,1.706982
-0.007564,1.709338
-0.007578,1.711693
-0.007592,1.714049
-0.007605,1.716405
-0.007619,1.718760
-0.007633,1.721116
-0.007647,1.723471
-0.007661,1.725826
-0.007675,1.728181
-0.007689,1.730536
-0.007703,1.732892
-0.007717,1.735247
-0.007731,1.737601
-0.007745,1.739956
-0.007759,1.742311
-0.007773,1.744666
-0.007787,1.747020
-0.007801,1.749375
-0.007816,1.751730
-0.007830,1.754084
-0.007844,1.756438
-0.007858,1.758793
-0.007872,1.761147
-0.007886,1.763501
-0.007900,1.765855
-0.007914,1.768209
-0.007928,1.770563
-0.007943,1.772917
-0.007957,1.775271
-0.007971,1.777624
-0.007985,1.779978
-0.007999,1.782332
-0.008014,1.784685
-0.008028,1.787039
-0.008042,1.789392
-0.008056,1.791745
-0.008070,1.794099
-0.008085,1.796452
-0.008099,1.798805
-0.008113,1.801158
-0.008128,1.803511
-0.008142,1.805864
-0.008156,1.808217
-0.008170,1.810570
-0.008185,1.812922
-0.008199,1.815275
-0.008213,1.817627
-0.008228,1.819980
-0.008242,1.822332
-0.008256,1.824685
-0.008271,1.827037
-0.008285,1.829389
-0.008300,1.831741
-0.008314,1.834093
-0.008328,1.836445
-0.008343,1.838797
-0.008357,1.841149
-0.008372,1.843501
-0.008386,1.845853
-0.008401,1.848204
-0.008415,1.850556
-0.008430,1.852907
-0.008444,1.855259
-0.008459,1.857610
-0.008473,1.859961
-0.008488,1.862313
-0.008502,1.864664
-0.008517,1.867015
-0.008531,1.869366
-0.008546,1.871717
-0.008560,1.874068
-0.008575,1.876419
-0.008589,1.878769
-0.008604,1.881120
-0.008619,1.883471
-0.008633,1.885821
-0.008648,1.888172
-0.008662,1.890522
-0.008677,1.892872
-0.008692,1.895223
-0.008706,1.897573
-0.008721,1.899923
-0.008736,1.902273
-0.008750,1.904623
-0.008765,1.906973
-0.008780,1.909323
-0.008794,1.911672
-0.008809,1.914022
-0.008824,1.916372
-0.008839,1.918721
-0.008853,1.921071
-0.008868,1.923420
-0.008883,1.925770
-0.008898,1.928119
-0.008912,1.930468
-0.008927,1.932817
-0.008942,1.935166
-0.008957,1.937515
-0.008972,1.939864
-0.008986,1.942213
-0.009001,1.944562
-0.009016,1.946911
-0.009031,1.949259
-0.009046,1.951608
-0.009061,1.953956
-0.009076,1.956305
-0.009090,1.958653
-0.009105,1.961002
-0.009120,1.963350
-0.009135,1.965698
-0.009150,1.968046
-0.009165,1.970394
-0.009180,1.972742
-0.009195,1.975090
-0.009210,1.977438
-0.009225,1.979785
-0.009240,1.982133
-0.009255,1.984481
-0.009270,1.986828
-0.009285,1.989176
-0.009300,1.991523
-0.009315,1.993871
-0.009330,1.996218
-0.009345,1.998565
-0.009360,2.000912
-0.009375,2.003259
-0.009390,2.005606
-0.009405,2.007953
-0.009420,2.010300
-0.009436,2.012647
-0.009451,2.014993
-0.009466,2.017340
-0.009481,2.019687
-0.009496,2.022033
-0.009511,2.024380
-0.009526,2.026726
-0.009542,2.029072
-0.009557,2.031418
-0.009572,2.033765
-0.009587,2.036111
-0.009602,2.038457
-0.009618,2.040803
-0.009633,2.043148
-0.009648,2.045494
-0.009663,2.047840
-0.009679,2.050186
-0.009694,2.052531
-0.009709,2.054877
-0.009724,2.057222
-0.009740,2.059568
-0.009755,2.061913
-0.009770,2.064258
-0.009786,2.066603
-0.009801,2.068948
-0.009816,2.071293
-0.009832,2.073638
-0.009847,2.075983
-0.009862,2.078328
-0.009878,2.080673
-0.009893,2.083018
-0.009908,2.085362
-0.009924,2.087707
-0.009939,2.090051
-0.009955,2.092396
-0.009970,2.094740
-0.009986,2.097084
-0.010001,2.099428
-0.010016,2.101772
-0.010032,2.104117
-0.010047,2.106461
-0.010063,2.108804
-0.010078,2.111148
-0.010094,2.113492
-0.010109,2.115836
-0.010125,2.118179
-0.010140,2.120523
-0.010156,2.122867
-0.010172,2.125210
-0.010187,2.127553
-0.010203,2.129897
-0.010218,2.132240
-0.010234,2.134583
-0.010249,2.136926
-0.010265,2.139269
-0.010281,2.141612
-0.010296,2.143955
-0.010312,2.146298
-0.010328,2.148640
-0.010343,2.150983
-0.010359,2.153326
-0.010375,2.155668
-0.010390,2.158011
-0.010406,2.160353
-0.010422,2.162695
-0.010437,2.165038
-0.010453,2.167380
-0.010469,2.169722
-0.010484,2.172064
-0.010500,2.174406
-0.010516,2.176748
-0.010532,2.179090
-0.010548,2.181431
-0.010563,2.183773
-0.010579,2.186115
-0.010595,2.188456
-0.010611,2.190798
-0.010627,2.193139
-0.010642,2.195480
-0.010658,2.197822
-0.010674,2.200163
-0.010690,2.202504
-0.010706,2.204845
-0.010722,2.207186
-0.010738,2.209527
-0.010753,2.211868
-0.010769,2.214209
-0.010785,2.216549
-0.010801,2.218890
-0.010817,2.221231
-0.010833,2.223571
-0.010849,2.225912
-0.010865,2.228252
-0.010881,2.230592
-0.010897,2.232932
-0.010913,2.235273
-0.010929,2.237613
-0.010945,2.239953
-0.010961,2.242293
-0.010977,2.244633
-0.010993,2.246972
-0.011009,2.249312
-0.011025,2.251652
-0.011041,2.253991
-0.011057,2.256331
-0.011073,2.258670
-0.011089,2.261010
-0.011105,2.263349
-0.011121,2.265688
-0.011138,2.268027
-0.011154,2.270367
-0.011170,2.272706
-0.011186,2.275045
-0.011202,2.277384
-0.011218,2.279722
-0.011234,2.282061
-0.011251,2.284400
-0.011267,2.286738
-0.011283,2.289077
-0.011299,2.291415
-0.011315,2.293754
-0.011332,2.296092
-0.011348,2.298430
-0.011364,2.300769
-0.011380,2.303107
-0.011397,2.305445
-0.011413,2.307783
-0.011429,2.310121
-0.011446,2.312459
-0.011462,2.314796
-0.011478,2.317134
-0.011494,2.319472
-0.011511,2.321809
-0.011527,2.324147
-0.011543,2.326484
-0.011560,2.328822
-0.011576,2.331159
-0.011593,2.333496
-0.011609,2.335833
-0.011625,2.338170
-0.011642,2.340508
-0.011658,2.342844
-0.011675,2.345181
-0.011691,2.347518
-0.011707,2.349855
-0.011724,2.352192
-0.011740,2.354528
-0.011757,2.356865
-0.011773,2.359201
-0.011790,2.361538
-0.011806,2.363874
-0.011823,2.366210
-0.011839,2.368546
-0.011856,2.370882
-0.011872,2.373218
-0.011889,2.375554
-0.011905,2.377890
-0.011922,2.380226
-0.011939,2.382562
-0.011955,2.384898
-0.011972,2.387233
-0.011988,2.389569
-0.012005,2.391904
-0.012022,2.394240
-0.012038,2.396575
-0.012055,2.398910
-0.012071,2.401246
-0.012088,2.403581
-0.012105,2.405916
-0.012121,2.408251
-0.012138,2.410586
-0.012155,2.412921
-0.012171,2.415255
-0.012188,2.417590
-0.012205,2.419925
-0.012222,2.422259
-0.012238,2.424594
-0.012255,2.426928
-0.012272,2.429263
-0.012289,2.431597
-0.012305,2.433931
-0.012322,2.436265
-0.012339,2.438599
-0.012356,2.440933
-0.012373,2.443267
-0.012389,2.445601
-0.012406,2.447935
-0.012423,2.450269
-0.012440,2.452603
-0.012457,2.454936
-0.012474,2.457270
-0.012490,2.459603
-0.012507,2.461937
-0.012524,2.464270
-0.012541,2.466603
-0.012558,2.468936
-0.012575,2.471269
-0.012592,2.473602
-0.012609,2.475935
-0.012626,2.478268
-0.012643,2.480601
-0.012660,2.482934
-0.012677,2.485267
-0.012694,2.487599
-0.012711,2.489932
-0.012728,2.492264
-0.012745,2.494597
-0.012762,2.496929
-0.012779,2.499261
-0.012796,2.501594
-0.012813,2.503926
-0.012830,2.506258
-0.012847,2.508590
-0.012864,2.510922
-0.012881,2.513254
-0.012898,2.515585
-0.012915,2.517917
-0.012932,2.520249
-0.012949,2.522580
-0.012967,2.524912
-0.012984,2.527243
-0.013001,2.529575
-0.013018,2.531906
-0.013035,2.534237
-0.013052,2.536568
-0.013070,2.538899
-0.013087,2.541231
-0.013104,2.543561
-0.013121,2.545892
-0.013138,2.548223
-0.013156,2.550554
-0.013173,2.552885
-0.013190,2.555215
-0.013207,2.557546
-0.013225,2.559876
-0.013242,2.562207
-0.013259,2.564537
-0.013276,2.566867
-0.013294,2.569197
-0.013311,2.571527
-0.013328,2.573858
-0.013346,2.576188
-0.013363,2.578517
-0.013380,2.580847
-0.013398,2.583177
-0.013415,2.585507
-0.013432,2.587836
-0.013450,2.590166
-0.013467,2.592495
-0.013485,2.594825
-0.013502,2.597154
-0.013520,2.599483
-0.013537,2.601813
-0.013554,2.604142
-0.013572,2.606471
-0.013589,2.608800
-0.013607,2.611129
-0.013624,2.613458
-0.013642,2.615787
-0.013659,2.618115
-0.013677,2.620444
-0.013694,2.622772
-0.013712,2.625101
-0.013729,2.627429
-0.013747,2.629758
-0.013764,2.632086
-0.013782,2.634414
-0.013800,2.636743
-0.013817,2.639071
-0.013835,2.641399
-0.013852,2.643727
-0.013870,2.646054
-0.013888,2.648382
-0.013905,2.650710
-0.013923,2.653038
-0.013940,2.655365
-0.013958,2.657693
-0.013976,2.660020
-0.013993,2.662348
-0.014011,2.664675
-0.014029,2.667002
-0.014046,2.669330
-0.014064,2.671657
-0.014082,2.673984
-0.014100,2.676311
-0.014117,2.678638
-0.014135,2.680964
-0.014153,2.683291
-0.014171,2.685618
-0.014188,2.687945
-0.014206,2.690271
-0.014224,2.692598
-0.014242,2.694924
-0.014260,2.697250
-0.014277,2.699577
-0.014295,2.701903
-0.014313,2.704229
-0.014331,2.706555
-0.014349,2.708881
-0.014367,2.711207
-0.014384,2.713533
-0.014402,2.715859
-0.014420,2.718184
-0.014438,2.720510
-0.014456,2.722836
-0.014474,2.725161
-0.014492,2.727487
-0.014510,2.729812
-0.014528,2.732137
-0.014546,2.734463
-0.014564,2.736788
-0.014582,2.739113
-0.014600,2.741438
-0.014618,2.743763
-0.014636,2.746088
-0.014654,2.748413
-0.014672,2.750737
-0.014690,2.753062
-0.014708,2.755387
-0.014726,2.757711
-0.014744,2.760036
-0.014762,2.762360
-0.014780,2.764684
-0.014798,2.767009
-0.014816,2.769333
-0.014834,2.771657
-0.014852,2.773981
-0.014871,2.776305
-0.014889,2.778629
-0.014907,2.780953
-0.014925,2.783276
-0.014943,2.785600
-0.014961,2.787924
-0.014979,2.790247
-0.014998,2.792571
-0.015016,2.794894
-0.015034,2.797218
-0.015052,2.799541
-0.015070,2.801864
-0.015089,2.804187
-0.015107,2.806510
-0.015125,2.808833
-0.015143,2.811156
-0.015162,2.813479
-0.015180,2.815802
-0.015198,2.818125
-0.015217,2.820447
-0.015235,2.822770
-0.015253,2.825092
-0.015271,2.827415
-0.015290,2.829737
-0.015308,2.832060
-0.015327,2.834382
-0.015345,2.836704
-0.015363,2.839026
-0.015382,2.841348
-0.015400,2.843670
-0.015418,2.845992
-0.015437,2.848314
-0.015455,2.850636
-0.015474,2.852957
-0.015492,2.855279
-0.015511,2.857600
-0.015529,2.859922
-0.015547,2.862243
-0.015566,2.864565
-0.015584,2.866886
-0.015603,2.869207
-0.015621,2.871528
-0.015640,2.873849
-0.015658,2.876170
-0.015677,2.878491
-0.015695,2.880812
-0.015714,2.883133
-0.015733,2.885453
-0.015751,2.887774
-0.015770,2.890095
-0.015788,2.892415
-0.015807,2.894736
-0.015825,2.897056
-0.015844,2.899376
-0.015863,2.901696
-0.015881,2.904017
-0.015900,2.906337
-0.015919,2.908657
-0.015937,2.910977
-0.015956,2.913296
-0.015975,2.915616
-0.015993,2.917936
-0.016012,2.920256
-0.016031,2.922575
-0.016049,2.924895
-0.016068,2.927214
-0.016087,2.929534
-0.016105,2.931853
-0.016124,2.934172
-0.016143,2.936491
-0.016162,2.938810
-0.016180,2.941129
-0.016199,2.943448
-0.016218,2.945767
-0.016237,2.948086
-0.016256,2.950405
-0.016274,2.952724
-0.016293,2.955042
-0.016312,2.957361
-0.016331,2.959679
-0.016350,2.961998
-0.016369,2.964316
-0.016388,2.966634
-0.016406,2.968952
-0.016425,2.971270
-0.016444,2.973589
-0.016463,2.975907
-0.016482,2.978224
-0.016501,2.980542
-0.016520,2.982860
-0.016539,2.985178
-0.016558,2.987495
-0.016577,2.989813
-0.016596,2.992130
-0.016615,2.994448
-0.016634,2.996765
-0.016653,2.999083
-0.016672,3.001400
-0.016691,3.003717
-0.016710,3.006034
-0.016729,3.008351
-0.016748,3.010668
-0.016767,3.012985
-0.016786,3.015302
-0.016805,3.017618
-0.016824,3.019935
-0.016843,3.022252
-0.016862,3.024568
-0.016881,3.026884
-0.016901,3.029201
-0.016920,3.031517
-0.016939,3.033833
-0.016958,3.036150
-0.016977,3.038466
-0.016996,3.040782
-0.017015,3.043098
-0.017035,3.045414
-0.017054,3.047729
-0.017073,3.050045
-0.017092,3.052361
-0.017111,3.054676
-0.017131,3.056992
-0.017150,3.059307
-0.017169,3.061623
-0.017188,3.063938
-0.017208,3.066253
-0.017227,3.068569
-0.017246,3.070884
-0.017265,3.073199
-0.017285,3.075514
-0.017304,3.077829
-0.017323,3.080144
-0.017343,3.082458
-0.017362,3.084773
-0.017381,3.087088
-0.017401,3.089402
-0.017420,3.091717
-0.017439,3.094031
-0.017459,3.096346
-0.017478,3.098660
-0.017498,3.100974
-0.017517,3.103288
-0.017536,3.105602
-0.017556,3.107916
-0.017575,3.110230
-0.017595,3.112544
-0.017614,3.114858
-0.017634,3.117172
-0.017653,3.119485
-0.017673,3.121799
-0.017692,3.124112
-0.017712,3.126426
-0.017731,3.128739
-0.017751,3.131052
-0.017770,3.133366
-0.017790,3.135679
-0.017809,3.137992
-0.017829,3.140305
-0.017848,3.142618
-0.017868,3.144931
-0.017888,3.147244
-0.017907,3.149556
-0.017927,3.151869
-0.017946,3.154182
-0.017966,3.156494
-0.017986,3.158807
-0.018005,3.161119
-0.018025,3.163431
-0.018045,3.165744
-0.018064,3.168056
-0.018084,3.170368
-0.018104,3.172680
-0.018123,3.174992
-0.018143,3.177304
-0.018163,3.179616
-0.018182,3.181928
-0.018202,3.184239
-0.018222,3.186551
-0.018242,3.188862
-0.018261,3.191174
-0.018281,3.193485
-0.018301,3.195797
-0.018321,3.198108
-0.018340,3.200419
-0.018360,3.202730
-0.018380,3.205041
-0.018400,3.207352
-0.018420,3.209663
-0.018440,3.211974
-0.018459,3.214285
-0.018479,3.216596
-0.018499,3.218906
-0.018519,3.221217
-0.018539,3.223528
-0.018559,3.225838
-0.018579,3.228148
-0.018599,3.230459
-0.018619,3.232769
-0.018638,3.235079
-0.018658,3.237389
-0.018678,3.239699
-0.018698,3.242009
-0.018718,3.244319
-0.018738,3.246629
-0.018758,3.248939
-0.018778,3.251248
-0.018798,3.253558
-0.018818,3.255867
-0.018838,3.258177
-0.018858,3.260486
-0.018878,3.262796
-0.018898,3.265105
-0.018918,3.267414
-0.018938,3.269723
-0.018959,3.272032
-0.018979,3.274341
-0.018999,3.276650
-0.019019,3.278959
-0.019039,3.281268
-0.019059,3.283577
-0.019079,3.285885
-0.019099,3.288194
-0.019119,3.290502
-0.019140,3.292811
-0.019160,3.295119
-0.019180,3.297427
-0.019200,3.299735
-0.019220,3.302044
-0.019241,3.304352
-0.019261,3.306660
-0.019281,3.308968
-0.019301,3.311275
-0.019321,3.313583
-0.019342,3.315891
-0.019362,3.318199
-0.019382,3.320506
-0.019402,3.322814
-0.019423,3.325121
-0.019443,3.327429
-0.019463,3.329736
-0.019484,3.332043
-0.019504,3.334350
-0.019524,3.336657
-0.019545,3.338964
-0.019565,3.341271
-0.019585,3.343578
-0.019606,3.345885
-0.019626,3.348192
-0.019646,3.350498
-0.019667,3.352805
-0.019687,3.355112
-0.019708,3.357418
-0.019728,3.359725
-0.019748,3.362031
-0.019769,3.364337
-0.019789,3.366643
-0.019810,3.368949
-0.019830,3.371255
-0.019851,3.373561
-0.019871,3.375867
-0.019892,3.378173
-0.019912,3.380479
-0.019933,3.382785
-0.019953,3.385090
-0.019974,3.387396
-0.019994,3.389701
-0.020015,3.392007
-0.020035,3.394312
-0.020056,3.396617
-0.020077,3.398923
-0.020097,3.401228
-0.020118,3.403533
-0.020138,3.405838
-0.020159,3.408143
-0.020180,3.410448
-0.020200,3.412752
-0.020221,3.415057
-0.020241,3.417362
-0.020262,3.419666
-0.020283,3.421971
-0.020303,3.424275
-0.020324,3.426580
-0.020345,3.428884
-0.020366,3.431188
-0.020386,3.433492
-0.020407,3.435796
-0.020428,3.438100
-0.020448,3.440404
-0.020469,3.442708
-0.020490,3.445012
-0.020511,3.447316
-0.020531,3.449620
-0.020552,3.451923
-0.020573,3.454227
-0.020594,3.456530
-0.020615,3.458834
-0.020635,3.461137
-0.020656,3.463440
-0.020677,3.465743
-0.020698,3.468046
-0.020719,3.470350
-0.020740,3.472652
-0.020761,3.474955
-0.020781,3.477258
-0.020802,3.479561
-0.020823,3.481864
-0.020844,3.484166
-0.020865,3.486469
-0.020886,3.488771
-0.020907,3.491074
-0.020928,3.493376
-0.020949,3.495678
-0.020970,3.497981
-0.020991,3.500283
-0.021012,3.502585
-0.021033,3.504887
-0.021054,3.507189
-0.021075,3.509491
-0.021096,3.511792
-0.021117,3.514094
-0.021138,3.516396
-0.021159,3.518697
-0.021180,3.520999
-0.021201,3.523300
-0.021222,3.525602
-0.021243,3.527903
-0.021264,3.530204
-0.021285,3.532505
-0.021306,3.534806
-0.021327,3.537107
-0.021349,3.539408
-0.021370,3.541709
-0.021391,3.544010
-0.021412,3.546311
-0.021433,3.548612
-0.021454,3.550912
-0.021476,3.553213
-0.021497,3.555513
-0.021518,3.557814
-0.021539,3.560114
-0.021560,3.562414
-0.021582,3.564714
-0.021603,3.567014
-0.021624,3.569314
-0.021645,3.571614
-0.021667,3.573914
-0.021688,3.576214
-0.021709,3.578514
-0.021730,3.580814
-0.021752,3.583113
-0.021773,3.585413
-0.021794,3.587712
-0.021816,3.590012
-0.021837,3.592311
-0.021858,3.594610
-0.021880,3.596910
-0.021901,3.599209
-0.021922,3.601508
-0.021944,3.603807
-0.021965,3.606106
-0.021987,3.608405
-0.022008,3.610703
-0.022029,3.613002
-0.022051,3.615301
-0.022072,3.617599
-0.022094,3.619898
-0.022115,3.622196
-0.022137,3.624495
-0.022158,3.626793
-0.022180,3.629091
-0.022201,3.631389
-0.022223,3.633687
-0.022244,3.635985
-0.022266,3.638283
-0.022287,3.640581
-0.022309,3.642879
-0.022330,3.645177
-0.022352,3.647474
-0.022373,3.649772
-0.022395,3.652070
-0.022416,3.654367
-0.022438,3.656664
-0.022460,3.658962
-0.022481,3.661259
-0.022503,3.663556
-0.022524,3.665853
-0.022546,3.668150
-0.022568,3.670447
-0.022589,3.672744
-0.022611,3.675041
-0.022633,3.677338
-0.022654,3.679634
-0.022676,3.681931
-0.022698,3.684228
-0.022719,3.686524
-0.022741,3.688820
-0.022763,3.691117
-0.022785,3.693413
-0.022806,3.695709
-0.022828,3.698005
-0.022850,3.700301
-0.022872,3.702597
-0.022893,3.704893
-0.022915,3.707189
-0.022937,3.709485
-0.022959,3.711781
-0.022981,3.714076
-0.023002,3.716372
-0.023024,3.718667
-0.023046,3.720963
-0.023068,3.723258
-0.023090,3.725554
-0.023112,3.727849
-0.023133,3.730144
-0.023155,3.732439
-0.023177,3.734734
-0.023199,3.737029
-0.023221,3.739324
-0.023243,3.741619
-0.023265,3.743913
-0.023287,3.746208
-0.023309,3.748503
-0.023331,3.750797
-0.023353,3.753092
-0.023375,3.755386
-0.023397,3.757680
-0.023419,3.759975
-0.023441,3.762269
-0.023463,3.764563
-0.023485,3.766857
-0.023507,3.769151
-0.023529,3.771445
-0.023551,3.773739
-0.023573,3.776032
-0.023595,3.778326
-0.023617,3.780620
-0.023639,3.782913
-0.023661,3.785207
-0.023683,3.787500
-0.023705,3.789793
-0.023727,3.792087
-0.023750,3.794380
-0.023772,3.796673
-0.023794,3.798966
-0.023816,3.801259
-0.023838,3.803552
-0.023860,3.805845
-0.023883,3.808138
-0.023905,3.810430
-0.023927,3.812723
-0.023949,3.815016
-0.023971,3.817308
-0.023994,3.819600
-0.024016,3.821893
-0.024038,3.824185
-0.024060,3.826477
-0.024083,3.828769
-0.024105,3.831062
-0.024127,3.833354
-0.024149,3.835646
-0.024172,3.837937
-0.024194,3.840229
-0.024216,3.842521
-0.024239,3.844813
-0.024261,3.847104
-0.024283,3.849396
-0.024306,3.851687
-0.024328,3.853979
-0.024350,3.856270
-0.024373,3.858561
-0.024395,3.860852
-0.024418,3.863143
-0.024440,3.865434
-0.024462,3.867725
-0.024485,3.870016
-0.024507,3.872307
-0.024530,3.874598
-0.024552,3.876888
-0.024575,3.879179
-0.024597,3.881470
-0.024620,3.883760
-0.024642,3.886051
-0.024665,3.888341
-0.024687,3.890631
-0.024710,3.892921
-0.024732,3.895211
-0.024755,3.897501
-0.024777,3.899791
-0.024800,3.902081
-0.024822,3.904371
-0.024845,3.906661
-0.024867,3.908951
-0.024890,3.911240
-0.024913,3.913530
-0.024935,3.915819
-0.024958,3.918109
-0.024980,3.920398
-0.025003,3.922687
-0.025026,3.924977
-0.025048,3.927266
-0.025071,3.929555
-0.025094,3.931844
-0.025116,3.934133
-0.025139,3.936422
-0.025162,3.938710
-0.025184,3.940999
-0.025207,3.943288
-0.025230,3.945576
-0.025253,3.947865
-0.025275,3.950153
-0.025298,3.952442
-0.025321,3.954730
-0.025344,3.957018
-0.025366,3.959306
-0.025389,3.961595
-0.025412,3.963883
-0.025435,3.966171
-0.025458,3.968458
-0.025480,3.970746
-0.025503,3.973034
-0.025526,3.975322
-0.025549,3.977609
-0.025572,3.979897
-0.025595,3.982184
-0.025618,3.984472
-0.025640,3.986759
-0.025663,3.989046
-0.025686,3.991333
-0.025709,3.993621
-0.025732,3.995908
-0.025755,3.998195
-0.025778,4.000482
-0.025801,4.002768
-0.025824,4.005055
-0.025847,4.007342
-0.025870,4.009628
-0.025893,4.011915
-0.025916,4.014202
-0.025939,4.016488
-0.025962,4.018774
-0.025985,4.021061
-0.026008,4.023347
-0.026031,4.025633
-0.026054,4.027919
-0.026077,4.030205
-0.026100,4.032491
-0.026123,4.034777
-0.026146,4.037063
-0.026169,4.039348
-0.026192,4.041634
-0.026215,4.043920
-0.026238,4.046205
-0.026262,4.048490
-0.026285,4.050776
-0.026308,4.053061
-0.026331,4.055346
-0.026354,4.057632
-0.026377,4.059917
-0.026401,4.062202
-0.026424,4.064487
-0.026447,4.066771
-0.026470,4.069056
-0.026493,4.071341
-0.026517,4.073626
-0.026540,4.075910
-0.026563,4.078195
-0.026586,4.080479
-0.026610,4.082764
-0.026633,4.085048
-0.026656,4.087332
-0.026679,4.089616
-0.026703,4.091901
-0.026726,4.094185
-0.026749,4.096469
-0.026773,4.098752
-0.026796,4.101036
-0.026819,4.103320
-0.026843,4.105604
-0.026866,4.107887
-0.026889,4.110171
-0.026913,4.112454
-0.026936,4.114738
-0.026960,4.117021
-0.026983,4.119304
-0.027006,4.121588
-0.027030,4.123871
-0.027053,4.126154
-0.027077,4.128437
-0.027100,4.130720
-0.027124,4.133003
-0.027147,4.135285
-0.027170,4.137568
-0.027194,4.139851
-0.027217,4.142133
-0.027241,4.144416
-0.027264,4.146698
-0.027288,4.148981
-0.027312,4.151263
-0.027335,4.153545
-0.027359,4.155827
-0.027382,4.158109
-0.027406,4.160391
-0.027429,4.162673
-0.027453,4.164955
-0.027476,4.167237
-0.027500,4.169519
-0.027524,4.171800
-0.027547,4.174082
-0.027571,4.176364
-0.027595,4.178645
-0.027618,4.180926
-0.027642,4.183208
-0.027665,4.185489
-0.027689,4.187770
-0.027713,4.190051
-0.027737,4.192332
-0.027760,4.194613
-0.027784,4.196894
-0.027808,4.199175
-0.027831,4.201456
-0.027855,4.203736
-0.027879,4.206017
-0.027903,4.208298
-0.027926,4.210578
-0.027950,4.212858
-0.027974,4.215139
-0.027998,4.217419
-0.028021,4.219699
-0.028045,4.221979
-0.028069,4.224259
-0.028093,4.226539
-0.028117,4.228819
-0.028141,4.231099
-0.028164,4.233379
-0.028188,4.235659
-0.028212,4.237938
-0.028236,4.240218
-0.028260,4.242497
-0.028284,4.244777
-0.028308,4.247056
-0.028332,4.249335
-0.028356,4.251615
-0.028380,4.253894
-0.028403,4.256173
-0.028427,4.258452
-0.028451,4.260731
-0.028475,4.263010
-0.028499,4.265289
-0.028523,4.267567
-0.028547,4.269846
-0.028571,4.272125
-0.028595,4.274403
-0.028619,4.276681
-0.028643,4.278960
-0.028667,4.281238
-0.028691,4.283516
-0.028715,4.285795
-0.028740,4.288073
-0.028764,4.290351
-0.028788,4.292629
-0.028812,4.294907
-0.028836,4.297184
-0.028860,4.299462
-0.028884,4.301740
-0.028908,4.304017
-0.028932,4.306295
-0.028957,4.308572
-0.028981,4.310850
-0.029005,4.313127
-0.029029,4.315404
-0.029053,4.317682
-0.029077,4.319959
-0.029102,4.322236
-0.029126,4.324513
-0.029150,4.326790
-0.029174,4.329067
-0.029198,4.331343
-0.029223,4.333620
-0.029247,4.335897
-0.029271,4.338173
-0.029295,4.340450
-0.029320,4.342726
-0.029344,4.345002
-0.029368,4.347279
-0.029393,4.349555
-0.029417,4.351831
-0.029441,4.354107
-0.029466,4.356383
-0.029490,4.358659
-0.029514,4.360935
-0.029539,4.363211
-0.029563,4.365486
-0.029587,4.367762
-0.029612,4.370038
-0.029636,4.372313
-0.029661,4.374589
-0.029685,4.376864
-0.029709,4.379139
-0.029734,4.381415
-0.029758,4.383690
-0.029783,4.385965
-0.029807,4.388240
-0.029832,4.390515
-0.029856,4.392790
-0.029881,4.395064
-0.029905,4.397339
-0.029930,4.399614
-0.029954,4.401888
-0.029979,4.404163
-0.030003,4.406437
-0.030028,4.408712
-0.030052,4.410986
-0.030077,4.413260
-0.030101,4.415535
-0.030126,4.417809
-0.030151,4.420083
-0.030175,4.422357
-0.030200,4.424631
-0.030224,4.426904
-0.030249,4.429178
-0.030274,4.431452
-0.030298,4.433726
-0.030323,4.435999
-0.030347,4.438273
-0.030372,4.440546
-0.030397,4.442819
-0.030421,4.445093
-0.030446,4.447366
-0.030471,4.449639
-0.030496,4.451912
-0.030520,4.454185
-0.030545,4.456458
-0.030570,4.458731
-0.030595,4.461004
-0.030619,4.463276
-0.030644,4.465549
-0.030669,4.467822
-0.030694,4.470094
-0.030718,4.472366
-0.030743,4.474639
-0.030768,4.476911
-0.030793,4.479183
-0.030818,4.481456
-0.030842,4.483728
-0.030867,4.486000
-0.030892,4.488272
-0.030917,4.490543
-0.030942,4.492815
-0.030967,4.495087
-0.030992,4.497359
-0.031016,4.499630
-0.031041,4.501902
-0.031066,4.504173
-0.031091,4.506445
-0.031116,4.508716
-0.031141,4.510987
-0.031166,4.513258
-0.031191,4.515529
-0.031216,4.517800
-0.031241,4.520071
-0.031266,4.522342
-0.031291,4.524613
-0.031316,4.526884
-0.031341,4.529155
-0.031366,4.531425
-0.031391,4.533696
-0.031416,4.535966
-0.031441,4.538237
-0.031466,4.540507
-0.031491,4.542777
-0.031516,4.545047
-0.031541,4.547318
-0.031566,4.549588
-0.031591,4.551858
-0.031617,4.554128
-0.031642,4.556397
-0.031667,4.558667
-0.031692,4.560937
-0.031717,4.563206
-0.031742,4.565476
-0.031767,4.567746
-0.031793,4.570015
-0.031818,4.572284
-0.031843,4.574554
-0.031868,4.576823
-0.031893,4.579092
-0.031919,4.581361
-0.031944,4.583630
-0.031969,4.585899
-0.031994,4.588168
-0.032019,4.590437
-0.032045,4.592705
-0.032070,4.594974
-0.032095,4.597243
-0.032121,4.599511
-0.032146,4.601780
-0.032171,4.604048
-0.032196,4.606316
-0.032222,4.608584
-0.032247,4.610853
-0.032272,4.613121
-0.032298,4.615389
-0.032323,4.617657
-0.032349,4.619925
-0.032374,4.622192
-0.032399,4.624460
-0.032425,4.626728
-0.032450,4.628995
-0.032475,4.631263
-0.032501,4.633530
-0.032526,4.635798
-0.032552,4.638065
-0.032577,4.640332
-0.032603,4.642600
-0.032628,4.644867
-0.032654,4.647134
-0.032679,4.649401
-0.032705,4.651668
-0.032730,4.653935
-0.032756,4.656201
-0.032781,4.658468
-0.032807,4.660735
-0.032832,4.663001
-0.032858,4.665268
-0.032883,4.667534
-0.032909,4.669800
-0.032934,4.672067
-0.032960,4.674333
-0.032986,4.676599
-0.033011,4.678865
-0.033037,4.681131
-0.033062,4.683397
-0.033088,4.685663
-0.033114,4.687929
-0.033139,4.690194
-0.033165,4.692460
-0.033191,4.694726
-0.033216,4.696991
-0.033242,4.699257
-0.033268,4.701522
-0.033293,4.703787
-0.033319,4.706052
-0.033345,4.708318
-0.033370,4.710583
-0.033396,4.712848
-0.033422,4.715113
-0.033448,4.717378
-0.033473,4.719642
-0.033499,4.721907
-0.033525,4.724172
-0.033551,4.726436
-0.033576,4.728701
-0.033602,4.730965
-0.033628,4.733230
-0.033654,4.735494
-0.033680,4.737758
-0.033706,4.740022
-0.033731,4.742287
-0.033757,4.744551
-0.033783,4.746815
-0.033809,4.749078
-0.033835,4.751342
-0.033861,4.753606
-0.033887,4.755870
-0.033913,4.758133
-0.033938,4.760397
-0.033964,4.762660
-0.033990,4.764924
-0.034016,4.767187
-0.034042,4.769450
-0.034068,4.771714
-0.034094,4.773977
-0.034120,4.776240
-0.034146,4.778503
-0.034172,4.780766
-0.034198,4.783029
-0.034224,4.785291
-0.034250,4.787554
-0.034276,4.789817
-0.034302,4.792079
-0.034328,4.794342
-0.034354,4.796604
-0.034380,4.798866
-0.034406,4.801129
-0.034432,4.803391
-0.034459,4.805653
-0.034485,4.807915
-0.034511,4.810177
-0.034537,4.812439
-0.034563,4.814701
-0.034589,4.816963
-0.034615,4.819225
-0.034641,4.821486
-0.034668,4.823748
-0.034694,4.826009
-0.034720,4.828271
-0.034746,4.830532
-0.034772,4.832793
-0.034799,4.835055
-0.034825,4.837316
-0.034851,4.839577
-0.034877,4.841838
-0.034903,4.844099
-0.034930,4.846360
-0.034956,4.848621
-0.034982,4.850881
-0.035009,4.853142
-0.035035,4.855403
-0.035061,4.857663
-0.035087,4.859924
-0.035114,4.862184
-0.035140,4.864444
-0.035166,4.866705
-0.035193,4.868965
-0.035219,4.871225
-0.035245,4.873485
-0.035272,4.875745
-0.035298,4.878005
-0.035325,4.880265
-0.035351,4.882525
-0.035377,4.884784
-0.035404,4.887044
-0.035430,4.889303
-0.035457,4.891563
-0.035483,4.893822
-0.035509,4.896082
-0.035536,4.898341
-0.035562,4.900600
-0.035589,4.902859
-0.035615,4.905118
-0.035642,4.907377
-0.035668,4.909636
-0.035695,4.911895
-0.035721,4.914154
-0.035748,4.916413
-0.035774,4.918671
-0.035801,4.920930
-0.035827,4.923188
-0.035854,4.925447
-0.035881,4.927705
-0.035907,4.929963
-0.035934,4.932222
-0.035960,4.934480
-0.035987,4.936738
-0.036014,4.938996
-0.036040,4.941254
-0.036067,4.943512
-0.036093,4.945770
-0.036120,4.948027
-0.036147,4.950285
-0.036173,4.952543
-0.036200,4.954800
-0.036227,4.957058
-0.036253,4.959315
-0.036280,4.961572
-0.036307,4.963830
-0.036334,4.966087
-0.036360,4.968344
-0.036387,4.970601
-0.036414,4.972858
-0.036441,4.975115
-0.036467,4.977372
-0.036494,4.979628
-0.036521,4.981885
-0.036548,4.984142
-0.036574,4.986398
-0.036601,4.988655
-0.036628,4.990911
-0.036655,4.993167
-0.036682,4.995424
-0.036709,4.997680
-0.036735,4.999936
-0.036762,5.002192
-0.036789,5.004448
-0.036816,5.006704
-0.036843,5.008960
-0.036870,5.011216
-0.036897,5.013471
-0.036924,5.015727
-0.036951,5.017982
-0.036977,5.020238
-0.037004,5.022493
-0.037031,5.024749
-0.037058,5.027004
-0.037085,5.029259
-0.037112,5.031514
-0.037139,5.033769
-0.037166,5.036024
-0.037193,5.038279
-0.037220,5.040534
-0.037247,5.042789
-0.037274,5.045044
-0.037301,5.047298
-0.037328,5.049553
-0.037355,5.051808
-0.037382,5.054062
-0.037410,5.056316
-0.037437,5.058571
-0.037464,5.060825
-0.037491,5.063079
-0.037518,5.065333
-0.037545,5.067587
-0.037572,5.069841
-0.037599,5.072095
-0.037626,5.074349
-0.037654,5.076603
-0.037681,5.078856
-0.037708,5.081110
-0.037735,5.083363
-0.037762,5.085617
-0.037789,5.087870
-0.037817,5.090124
-0.037844,5.092377
-0.037871,5.094630
-0.037898,5.096883
-0.037926,5.099136
-0.037953,5.101389
-0.037980,5.103642
-0.038007,5.105895
-0.038035,5.108148
-0.038062,5.110400
-0.038089,5.112653
-0.038116,5.114906
-0.038144,5.117158
-0.038171,5.119410
-0.038198,5.121663
-0.038226,5.123915
-0.038253,5.126167
-0.038280,5.128419
-0.038308,5.130671
-0.038335,5.132923
-0.038363,5.135175
-0.038390,5.137427
-0.038417,5.139679
-0.038445,5.141931
-0.038472,5.144182
-0.038500,5.146434
-0.038527,5.148685
-0.038554,5.150937
-0.038582,5.153188
-0.038609,5.155440
-0.038637,5.157691
-0.038664,5.159942
-0.038692,5.162193
-0.038719,5.164444
-0.038747,5.166695
-0.038774,5.168946
-0.038802,5.171197
-0.038829,5.173447
-0.038857,5.175698
-0.038884,5.177949
-0.038912,5.180199
-0.038940,5.182450
-0.038967,5.184700
-0.038995,5.186950
-0.039022,5.189201
-0.039050,5.191451
-0.039077,5.193701
-0.039105,5.195951
-0.039133,5.198201
-0.039160,5.200451
-0.039188,5.202701
-0.039216,5.204950
-0.039243,5.207200
-0.039271,5.209450
-0.039299,5.211699
-0.039326,5.213949
-0.039354,5.216198
-0.039382,5.218447
-0.039409,5.220697
-0.039437,5.222946
-0.039465,5.225195
-0.039493,5.227444
-0.039520,5.229693
-0.039548,5.231942
-0.039576,5.234191
-0.039604,5.236440
-0.039631,5.238688
-0.039659,5.240937
-0.039687,5.243185
-0.039715,5.245434
-0.039743,5.247682
-0.039771,5.249931
-0.039798,5.252179
-0.039826,5.254427
-0.039854,5.256675
-0.039882,5.258923
-0.039910,5.261171
-0.039938,5.263419
-0.039966,5.265667
-0.039993,5.267915
-0.040021,5.270163
-0.040049,5.272410
-0.040077,5.274658
-0.040105,5.276905
-0.040133,5.279153
-0.040161,5.281400
-0.040189,5.283648
-0.040217,5.285895
-0.040245,5.288142
-0.040273,5.290389
-0.040301,5.292636
-0.040329,5.294883
-0.040357,5.297130
-0.040385,5.299377
-0.040413,5.301623
-0.040441,5.303870
-0.040469,5.306117
-0.040497,5.308363
-0.040525,5.310610
-0.040553,5.312856
-0.040581,5.315102
-0.040609,5.317349
-0.040637,5.319595
-0.040666,5.321841
-0.040694,5.324087
-0.040722,5.326333
-0.040750,5.328579
-0.040778,5.330825
-0.040806,5.333070
-0.040834,5.335316
-0.040863,5.337562
-0.040891,5.339807
-0.040919,5.342053
-0.040947,5.344298
-0.040975,5.346544
-0.041004,5.348789
-0.041032,5.351034
-0.041060,5.353279
-0.041088,5.355524
-0.041117,5.357769
-0.041145,5.360014
-0.041173,5.362259
-0.041201,5.364504
-0.041230,5.366748
-0.041258,5.368993
-0.041286,5.371238
-0.041314,5.373482
-0.041343,5.375727
-0.041371,5.377971
-0.041399,5.380215
-0.041428,5.382459
-0.041456,5.384704
-0.041485,5.386948
-0.041513,5.389192
-0.041541,5.391436
-0.041570,5.393680
-0.041598,5.395923
-0.041626,5.398167
-0.041655,5.400411
-0.041683,5.402654
-0.041712,5.404898
-0.041740,5.407141
-0.041769,5.409385
-0.041797,5.411628
-0.041826,5.413871
-0.041854,5.416114
-0.041883,5.418357
-0.041911,5.420600
-0.041939,5.422843
-0.041968,5.425086
-0.041997,5.427329
-0.042025,5.429572
-0.042054,5.431815
-0.042082,5.434057
-0.042111,5.436300
-0.042139,5.438542
-0.042168,5.440785
-0.042196,5.443027
-0.042225,5.445269
-0.042254,5.447511
-0.042282,5.449753
-0.042311,5.451995
-0.042339,5.454237
-0.042368,5.456479
-0.042397,5.458721
-0.042425,5.460963
-0.042454,5.463205
-0.042483,5.465446
-0.042511,5.467688
-0.042540,5.469929
-0.042569,5.472171
-0.042597,5.474412
-0.042626,5.476653
-0.042655,5.478895
-0.042684,5.481136
-0.042712,5.483377
-0.042741,5.485618
-0.042770,5.487859
-0.042799,5.490100
-0.042827,5.492340
-0.042856,5.494581
-0.042885,5.496822
-0.042914,5.499062
-0.042943,5.501303
-0.042971,5.503543
-0.043000,5.505784
-0.043029,5.508024
-0.043058,5.510264
-0.043087,5.512504
-0.043116,5.514744
-0.043144,5.516984
-0.043173,5.519224
-0.043202,5.521464
-0.043231,5.523704
-0.043260,5.525944
-0.043289,5.528183
-0.043318,5.530423
-0.043347,5.532662
-0.043376,5.534902
-0.043405,5.537141
-0.043434,5.539381
-0.043463,5.541620
-0.043492,5.543859
-0.043521,5.546098
-0.043550,5.548337
-0.043579,5.550576
-0.043608,5.552815
-0.043637,5.555054
-0.043666,5.557293
-0.043695,5.559531
-0.043724,5.561770
-0.043753,5.564008
-0.043782,5.566247
-0.043811,5.568485
-0.043840,5.570724
-0.043869,5.572962
-0.043898,5.575200
-0.043927,5.577438
-0.043956,5.579676
-0.043985,5.581914
-0.044015,5.584152
-0.044044,5.586390
-0.044073,5.588628
-0.044102,5.590865
-0.044131,5.593103
-0.044160,5.595341
-0.044190,5.597578
-0.044219,5.599816
-0.044248,5.602053
-0.044277,5.604290
-0.044306,5.606527
-0.044336,5.608765
-0.044365,5.611002
-0.044394,5.613239
-0.044423,5.615476
-0.044453,5.617712
-0.044482,5.619949
-0.044511,5.622186
-0.044540,5.624423
-0.044570,5.626659
-0.044599,5.628896
-0.044628,5.631132
-0.044658,5.633368
-0.044687,5.635605
-0.044716,5.637841
-0.044746,5.640077
-0.044775,5.642313
-0.044804,5.644549
-0.044834,5.646785
-0.044863,5.649021
-0.044893,5.651257
-0.044922,5.653493
-0.044951,5.655728
-0.044981,5.657964
-0.045010,5.660199
-0.045040,5.662435
-0.045069,5.664670
-0.045099,5.666906
-0.045128,5.669141
-0.045157,5.671376
-0.045187,5.673611
-0.045216,5.675846
-0.045246,5.678081
-0.045275,5.680316
-0.045305,5.682551
-0.045334,5.684786
-0.045364,5.687020
-0.045394,5.689255
-0.045423,5.691489
-0.045453,5.693724
-0.045482,5.695958
-0.045512,5.698193
-0.045541,5.700427
-0.045571,5.702661
-0.045601,5.704895
-0.045630,5.707129
-0.045660,5.709363
-0.045689,5.711597
-0.045719,5.713831
-0.045749,5.716065
-0.045778,5.718299
-0.045808,5.720532
-0.045838,5.722766
-0.045867,5.724999
-0.045897,5.727233
-0.045927,5.729466
-0.045956,5.731699
-0.045986,5.733932
-0.046016,5.736166
-0.046046,5.738399
-0.046075,5.740632
-0.046105,5.742865
-0.046135,5.745098
-0.046165,5.747330
-0.046194,5.749563
-0.046224,5.751796
-0.046254,5.754028
-0.046284,5.756261
-0.046314,5.758493
-0.046343,5.760726
-0.046373,5.762958
-0.046403,5.765190
-0.046433,5.767422
-0.046463,5.769654
-0.046493,5.771886
-0.046522,5.774118
-0.046552,5.776350
-0.046582,5.778582
-0.046612,5.780814
-0.046642,5.783045
-0.046672,5.785277
-0.046702,5.787509
-0.046732,5.789740
-0.046762,5.791971
-0.046792,5.794203
-0.046822,5.796434
-0.046852,5.798665
-0.046882,5.800896
-0.046912,5.803127
-0.046942,5.805358
-0.046972,5.807589
-0.047002,5.809820
-0.047032,5.812051
-0.047062,5.814281
-0.047092,5.816512
-0.047122,5.818743
-0.047152,5.820973
-0.047182,5.823204
-0.047212,5.825434
-0.047242,5.827664
-0.047272,5.829894
-0.047302,5.832124
-0.047332,5.834355
-0.047362,5.836585
-0.047392,5.838814
-0.047423,5.841044
-0.047453,5.843274
-0.047483,5.845504
-0.047513,5.847733
-0.047543,5.849963
-0.047573,5.852192
-0.047604,5.854422
-0.047634,5.856651
-0.047664,5.858881
-0.047694,5.861110
-0.047724,5.863339
-0.047755,5.865568
-0.047785,5.867797
-0.047815,5.870026
-0.047845,5.872255
-0.047876,5.874484
-0.047906,5.876712
-0.047936,5.878941
-0.047966,5.881170
-0.047997,5.883398
-0.048027,5.885626
-0.048057,5.887855
-0.048088,5.890083
-0.048118,5.892311
-0.048148,5.894540
-0.048179,5.896768
-0.048209,5.898996
-0.048239,5.901224
-0.048270,5.903452
-0.048300,5.905679
-0.048331,5.907907
-0.048361,5.910135
-0.048391,5.912362
-0.048422,5.914590
-0.048452,5.916817
-0.048483,5.919045
-0.048513,5.921272
-0.048544,5.923499
-0.048574,5.925727
-0.048604,5.927954
-0.048635,5.930181
-0.048665,5.932408
-0.048696,5.934635
-0.048726,5.936861
-0.048757,5.939088
-0.048787,5.941315
-0.048818,5.943541
-0.048849,5.945768
-0.048879,5.947994
-0.048910,5.950221
-0.048940,5.952447
-0.048971,5.954673
-0.049001,5.956900
-0.049032,5.959126
-0.049063,5.961352
-0.049093,5.963578
-0.049124,5.965804
-0.049154,5.968030
-0.049185,5.970255
-0.049216,5.972481
-0.049246,5.974707
-0.049277,5.976932
-0.049308,5.979158
-0.049338,5.981383
-0.049369,5.983609
-0.049400,5.985834
-0.049430,5.988059
-0.049461,5.990284
-0.049492,5.992509
-0.049523,5.994734
-0.049553,5.996959
-0.049584,5.999184
-0.049615,6.001409
-0.049646,6.003634
-0.049676,6.005858
-0.049707,6.008083
-0.049738,6.010307
-0.049769,6.012532
-0.049800,6.014756
-0.049830,6.016981
-0.049861,6.019205
-0.049892,6.021429
-0.049923,6.023653
-0.049954,6.025877
-0.049985,6.028101
-0.050015,6.030325
-0.050046,6.032549
-0.050077,6.034773
-0.050108,6.036996
-0.050139,6.039220
-0.050170,6.041443
-0.050201,6.043667
-0.050232,6.045890
-0.050263,6.048113
-0.050294,6.050337
-0.050325,6.052560
-0.050356,6.054783
-0.050387,6.057006
-0.050417,6.059229
-0.050448,6.061452
-0.050479,6.063675
-0.050510,6.065898
-0.050542,6.068120
-0.050573,6.070343
-0.050604,6.072565
-0.050635,6.074788
-0.050666,6.077010
-0.050697,6.079233
-0.050728,6.081455
-0.050759,6.083677
-0.050790,6.085899
-0.050821,6.088121
-0.050852,6.090343
-0.050883,6.092565
-0.050914,6.094787
-0.050945,6.097009
-0.050977,6.099231
-0.051008,6.101452
-0.051039,6.103674
-0.051070,6.105895
-0.051101,6.108117
-0.051132,6.110338
-0.051164,6.112559
-0.051195,6.114781
-0.051226,6.117002
-0.051257,6.119223
-0.051288,6.121444
-0.051320,6.123665
-0.051351,6.125886
-0.051382,6.128106
-0.051413,6.130327
-0.051445,6.132548
-0.051476,6.134768
-0.051507,6.136989
-0.051539,6.139209
-0.051570,6.141430
-0.051601,6.143650
-0.051632,6.145870
-0.051664,6.148090
-0.051695,6.150311
-0.051726,6.152531
-0.051758,6.154751
-0.051789,6.156970
-0.051821,6.159190
-0.051852,6.161410
-0.051883,6.163630
-0.051915,6.165849
-0.051946,6.168069
-0.051977,6.170288
-0.052009,6.172508
-0.052040,6.174727
-0.052072,6.176946
-0.052103,6.179165
-0.052135,6.181385
-0.052166,6.183604
-0.052198,6.185823
-0.052229,6.188041
-0.052261,6.190260
-0.052292,6.192479
-0.052324,6.194698
-0.052355,6.196916
-0.052387,6.199135
-0.052418,6.201353
-0.052450,6.203572
-0.052481,6.205790
-0.052513,6.208008
-0.052544,6.210227
-0.052576,6.212445
-0.052608,6.214663
-0.052639,6.216881
-0.052671,6.219099
-0.052702,6.221317
-0.052734,6.223534
-0.052766,6.225752
-0.052797,6.227970
-0.052829,6.230187
-0.052861,6.232405
-0.052892,6.234622
-0.052924,6.236840
-0.052956,6.239057
-0.052987,6.241274
-0.053019,6.243491
-0.053051,6.245708
-0.053082,6.247925
-0.053114,6.250142
-0.053146,6.252359
-0.053178,6.254576
-0.053209,6.256793
-0.053241,6.259009
-0.053273,6.261226
-0.053305,6.263442
-0.053336,6.265659
-0.053368,6.267875
-0.053400,6.270092
-0.053432,6.272308
-0.053464,6.274524
-0.053495,6.276740
-0.053527,6.278956
-0.053559,6.281172
-0.053591,6.283388
-0.053623,6.285604
-0.053655,6.287819
-0.053687,6.290035
-0.053718,6.292251
-0.053750,6.294466
-0.053782,6.296682
-0.053814,6.298897
-0.053846,6.301112
-0.053878,6.303328
-0.053910,6.305543
-0.053942,6.307758
-0.053974,6.309973
-0.054006,6.312188
-0.054038,6.314403
-0.054070,6.316618
-0.054102,6.318832
-0.054134,6.321047
-0.054166,6.323262
-0.054198,6.325476
-0.054230,6.327691
-0.054262,6.329905
-0.054294,6.332120
-0.054326,6.334334
-0.054358,6.336548
-0.054390,6.338762
-0.054422,6.340976
-0.054454,6.343190
-0.054486,6.345404
-0.054518,6.347618
-0.054550,6.349832
-0.054583,6.352045
-0.054615,6.354259
-0.054647,6.356473
-0.054679,6.358686
-0.054711,6.360900
-0.054743,6.363113
-0.054775,6.365326
-0.054808,6.367539
-0.054840,6.369753
-0.054872,6.371966
-0.054904,6.374179
-0.054936,6.376392
-0.054969,6.378605
-0.055001,6.380817
-0.055033,6.383030
-0.055065,6.385243
-0.055098,6.387455
-0.055130,6.389668
-0.055162,6.391880
-0.055194,6.394093
-0.055227,6.396305
-0.055259,6.398517
-0.055291,6.400729
-0.055324,6.402941
-0.055356,6.405153
-0.055388,6.407365
-0.055421,6.409577
-0.055453,6.411789
-0.055485,6.414001
-0.055518,6.416213
-0.055550,6.418424
-0.055582,6.420636
-0.055615,6.422847
-0.055647,6.425059
-0.055680,6.427270
-0.055712,6.429481
-0.055745,6.431692
-0.055777,6.433903
-0.055809,6.436114
-0.055842,6.438325
-0.055874,6.440536
-0.055907,6.442747
-0.055939,6.444958
-0.055972,6.447169
-0.056004,6.449379
-0.056037,6.451590
-0.056069,6.453800
-0.056102,6.456011
-0.056134,6.458221
-0.056167,6.460431
-0.056199,6.462641
-0.056232,6.464852
-0.056265,6.467062
-0.056297,6.469272
-0.056330,6.471482
-0.056362,6.473691
-0.056395,6.475901
-0.056427,6.478111
-0.056460,6.480320
-0.056493,6.482530
-0.056525,6.484740
-0.056558,6.486949
-0.056591,6.489158
-0.056623,6.491368
-0.056656,6.493577
-0.056689,6.495786
-0.056721,6.497995
-0.056754,6.500204
-0.056787,6.502413
-0.056819,6.504622
-0.056852,6.506831
-0.056885,6.509039
-0.056918,6.511248
-0.056950,6.513457
-0.056983,6.515665
-0.057016,6.517874
-0.057049,6.520082
-0.057081,6.522290
-0.057114,6.524498
-0.057147,6.526707
-0.057180,6.528915
-0.057213,6.531123
-0.057245,6.533331
-0.057278,6.535539
-0.057311,6.537746
-0.057344,6.539954
-0.057377,6.542162
-0.057410,6.544369
-0.057443,6.546577
-0.057475,6.548784
-0.057508,6.550992
-0.057541,6.553199
-0.057574,6.555406
-0.057607,6.557614
-0.057640,6.559821
-0.057673,6.562028
-0.057706,6.564235
-0.057739,6.566442
-0.057772,6.568648
-0.057805,6.570855
-0.057838,6.573062
-0.057871,6.575268
-0.057904,6.577475
-0.057937,6.579681
-0.057970,6.581888
-0.058003,6.584094
-0.058036,6.586300
-0.058069,6.588507
-0.058102,6.590713
-0.058135,6.592919
-0.058168,6.595125
-0.058201,6.597331
-0.058234,6.599537
-0.058267,6.601742
-0.058300,6.603948
-0.058333,6.606154
-0.058366,6.608359
-0.058400,6.610565
-0.058433,6.612770
-0.058466,6.614976
-0.058499,6.617181
-0.058532,6.619386
-0.058565,6.621591
-0.058598,6.623796
-0.058632,6.626001
-0.058665,6.628206
-0.058698,6.630411
-0.058731,6.632616
-0.058764,6.634821
-0.058798,6.637025
-0.058831,6.639230
-0.058864,6.641434
-0.058897,6.643639
-0.058931,6.645843
-0.058964,6.648047
-0.058997,6.650252
-0.059030,6.652456
-0.059064,6.654660
-0.059097,6.656864
-0.059130,6.659068
-0.059164,6.661272
-0.059197,6.663476
-0.059230,6.665679
-0.059264,6.667883
-0.059297,6.670087
-0.059330,6.672290
-0.059364,6.674493
-0.059397,6.676697
-0.059431,6.678900
-0.059464,6.681103
-0.059497,6.683307
-0.059531,6.685510
-0.059564,6.687713
-0.059598,6.689916
-0.059631,6.692119
-0.059664,6.694321
-0.059698,6.696524
-0.059731,6.698727
-0.059765,6.700929
-0.059798,6.703132
-0.059832,6.705334
-0.059865,6.707537
-0.059899,6.709739
-0.059932,6.711941
-0.059966,6.714144
-0.059999,6.716346
-0.060033,6.718548
-0.060066,6.720750
-0.060100,6.722952
-0.060134,6.725154
-0.060167,6.727355
-0.060201,6.729557
-0.060234,6.731759
-0.060268,6.733960
-0.060302,6.736162
-0.060335,6.738363
-0.060369,6.740564
-0.060402,6.742766
-0.060436,6.744967
-0.060470,6.747168
-0.060503,6.749369
-0.060537,6.751570
-0.060571,6.753771
-0.060604,6.755972
-0.060638,6.758173
-0.060672,6.760373
-0.060705,6.762574
-0.060739,6.764775
-0.060773,6.766975
-0.060807,6.769176
-0.060840,6.771376
-0.060874,6.773576
-0.060908,6.775777
-0.060942,6.777977
-0.060975,6.780177
-0.061009,6.782377
-0.061043,6.784577
-0.061077,6.786777
-0.061111,6.788976
-0.061144,6.791176
-0.061178,6.793376
-0.061212,6.795575
-0.061246,6.797775
-0.061280,6.799974
-0.061314,6.802174
-0.061348,6.804373
-0.061381,6.806572
-0.061415,6.808771
-0.061449,6.810971
-0.061483,6.813170
-0.061517,6.815369
-0.061551,6.817567
-0.061585,6.819766
-0.061619,6.821965
-0.061653,6.824164
-0.061687,6.826362
-0.061721,6.828561
-0.061755,6.830759
-0.061789,6.832958
-0.061823,6.835156
-0.061857,6.837354
-0.061891,6.839552
-0.061925,6.841751
-0.061959,6.843949
-0.061993,6.846147
-0.062027,6.848345
-0.062061,6.850542
-0.062095,6.852740
-0.062129,6.854938
-0.062163,6.857135
-0.062197,6.859333
-0.062231,6.861530
-0.062265,6.863728
-0.062299,6.865925
-0.062334,6.868122
-0.062368,6.870320
-0.062402,6.872517
-0.062436,6.874714
-0.062470,6.876911
-0.062504,6.879108
-0.062538,6.881305
-0.062573,6.883501
-0.062607,6.885698
-0.062641,6.887895
-0.062675,6.890091
-0.062709,6.892288
-0.062744,6.894484
-0.062778,6.896681
-0.062812,6.898877
-0.062846,6.901073
-0.062881,6.903269
-0.062915,6.905465
-0.062949,6.907661
-0.062983,6.909857
-0.063018,6.912053
-0.063052,6.914249
-0.063086,6.916445
-0.063121,6.918640
-0.063155,6.920836
-0.063189,6.923031
-0.063224,6.925227
-0.063258,6.927422
-0.063292,6.929618
-0.063327,6.931813
-0.063361,6.934008
-0.063395,6.936203
-0.063430,6.938398
-0.063464,6.940593
-0.063499,6.942788
-0.063533,6.944983
-0.063568,6.947178
-0.063602,6.949372
-0.063636,6.951567
-0.063671,6.953761
-0.063705,6.955956
-0.063740,6.958150
-0.063774,6.960345
-0.063809,6.962539
-0.063843,6.964733
-0.063878,6.966927
-0.063912,6.969121
-0.063947,6.971315
-0.063981,6.973509
-0.064016,6.975703
-0.064050,6.977897
-0.064085,6.980090
-0.064119,6.982284
-0.064154,6.984477
-0.064189,6.986671
-0.064223,6.988864
-0.064258,6.991058
-0.064292,6.993251
-0.064327,6.995444
-0.064362,6.997637
-0.064396,6.999830
-0.064431,7.002023
-0.064466,7.004216
-0.064500,7.006409
-0.064535,7.008602
-0.064570,7.010794
-0.064604,7.012987
-0.064639,7.015180
-0.064674,7.017372
-0.064708,7.019565
-0.064743,7.021757
-0.064778,7.023949
-0.064812,7.026141
-0.064847,7.028334
-0.064882,7.030526
-0.064917,7.032718
-0.064951,7.034910
-0.064986,7.037101
-0.065021,7.039293
-0.065056,7.041485
-0.065091,7.043677
-0.065125,7.045868
-0.065160,7.048060
-0.065195,7.050251
-0.065230,7.052443
-0.065265,7.054634
-0.065300,7.056825
-0.065334,7.059016
-0.065369,7.061207
-0.065404,7.063398
-0.065439,7.065589
-0.065474,7.067780
-0.065509,7.069971
-0.065544,7.072162
-0.065579,7.074352
-0.065614,7.076543
-0.065649,7.078733
-0.065683,7.080924
-0.065718,7.083114
-0.065753,7.085305
-0.065788,7.087495
-0.065823,7.089685
-0.065858,7.091875
-0.065893,7.094065
-0.065928,7.096255
-0.065963,7.098445
-0.065998,7.100635
-0.066033,7.102825
-0.066068,7.105014
-0.066103,7.107204
-0.066138,7.109393
-0.066174,7.111583
-0.066209,7.113772
-0.066244,7.115962
-0.066279,7.118151
-0.066314,7.120340
-0.066349,7.122529
-0.066384,7.124718
-0.066419,7.126907
-0.066454,7.129096
-0.066489,7.131285
-0.066525,7.133474
-0.066560,7.135662
-0.066595,7.137851
-0.066630,7.140040
-0.066665,7.142228
-0.066700,7.144417
-0.066736,7.146605
-0.066771,7.148793
-0.066806,7.150981
-0.066841,7.153170
-0.066877,7.155358
-0.066912,7.157546
-0.066947,7.159733
-0.066982,7.161921
-0.067018,7.164109
-0.067053,7.166297
-0.067088,7.168484
-0.067123,7.170672
-0.067159,7.172860
-0.067194,7.175047
-0.067229,7.177234
-0.067265,7.179422
-0.067300,7.181609
-0.067335,7.183796
-0.067371,7.185983
-0.067406,7.188170
-0.067441,7.190357
-0.067477,7.192544
-0.067512,7.194731
-0.067548,7.196917
-0.067583,7.199104
-0.067618,7.201291
-0.067654,7.203477
-0.067689,7.205664
-0.067725,7.207850
-0.067760,7.210036
-0.067795,7.212223
-0.067831,7.214409
-0.067866,7.216595
-0.067902,7.218781
-0.067937,7.220967
-0.067973,7.223153
-0.068008,7.225339
-0.068044,7.227524
-0.068079,7.229710
-0.068115,7.231896
-0.068150,7.234081
-0.068186,7.236267
-0.068222,7.238452
-0.068257,7.240637
-0.068293,7.242822
-0.068328,7.245008
-0.068364,7.247193
-0.068399,7.249378
-0.068435,7.251563
-0.068471,7.253748
-0.068506,7.255933
-0.068542,7.258117
-0.068578,7.260302
-0.068613,7.262487
-0.068649,7.264671
-0.068684,7.266856
-0.068720,7.269040
-0.068756,7.271224
-0.068792,7.273409
-0.068827,7.275593
-0.068863,7.277777
-0.068899,7.279961
-0.068934,7.282145
-0.068970,7.284329
-0.069006,7.286513
-0.069042,7.288697
-0.069077,7.290880
-0.069113,7.293064
-0.069149,7.295247
-0.069185,7.297431
-0.069220,7.299614
-0.069256,7.301798
-0.069292,7.303981
-0.069328,7.306164
-0.069364,7.308347
-0.069399,7.310530
-0.069435,7.312713
-0.069471,7.314896
-0.069507,7.317079
-0.069543,7.319262
-0.069579,7.321445
-0.069615,7.323627
-0.069651,7.325810
-0.069686,7.327992
-0.069722,7.330175
-0.069758,7.332357
-0.069794,7.334540
-0.069830,7.336722
-0.069866,7.338904
-0.069902,7.341086
-0.069938,7.343268
-0.069974,7.345450
-0.070010,7.347632
-0.070046,7.349814
-0.070082,7.351995
-0.070118,7.354177
-0.070154,7.356359
-0.070190,7.358540
-0.070226,7.360722
-0.070262,7.362903
-0.070298,7.365084
-0.070334,7.367266
-0.070370,7.369447
-0.070406,7.371628
-0.070442,7.373809
-0.070478,7.375990
-0.070514,7.378171
-0.070550,7.380352
-0.070587,7.382532
-0.070623,7.384713
-0.070659,7.386894
-0.070695,7.389074
-0.070731,7.391255
-0.070767,7.393435
-0.070803,7.395615
-0.070840,7.397796
-0.070876,7.399976
-0.070912,7.402156
-0.070948,7.404336
-0.070984,7.406516
-0.071021,7.408696
-0.071057,7.410876
-0.071093,7.413055
-0.071129,7.415235
-0.071165,7.417415
-0.071202,7.419594
-0.071238,7.421774
-0.071274,7.423953
-0.071310,7.426133
-0.071347,7.428312
-0.071383,7.430491
-0.071419,7.432670
-0.071456,7.434849
-0.071492,7.437028
-0.071528,7.439207
-0.071565,7.441386
-0.071601,7.443565
-0.071637,7.445743
-0.071674,7.447922
-0.071710,7.450101
-0.071746,7.452279
-0.071783,7.454458
-0.071819,7.456636
-0.071856,7.458814
-0.071892,7.460992
-0.071928,7.463171
-0.071965,7.465349
-0.072001,7.467527
-0.072038,7.469705
-0.072074,7.471883
-0.072111,7.474060
-0.072147,7.476238
-0.072184,7.478416
-0.072220,7.480593
-0.072257,7.482771
-0.072293,7.484948
-0.072330,7.487126
-0.072366,7.489303
-0.072403,7.491480
-0.072439,7.493657
-0.072476,7.495834
-0.072512,7.498011
-0.072549,7.500188
-0.072585,7.502365
-0.072622,7.504542
-0.072659,7.506719
-0.072695,7.508895
-0.072732,7.511072
-0.072768,7.513249
-0.072805,7.515425
-0.072842,7.517601
-0.072878,7.519778
-0.072915,7.521954
-0.072952,7.524130
-0.072988,7.526306
-0.073025,7.528482
-0.073062,7.530658
-0.073098,7.532834
-0.073135,7.535010
-0.073172,7.537186
-0.073208,7.539361
-0.073245,7.541537
-0.073282,7.543713
-0.073319,7.545888
-0.073355,7.548063
-0.073392,7.550239
-0.073429,7.552414
-0.073466,7.554589
-0.073502,7.556764
-0.073539,7.558939
-0.073576,7.561114
-0.073613,7.563289
-0.073650,7.565464
-0.073686,7.567639
-0.073723,7.569814
-0.073760,7.571988
-0.073797,7.574163
-0.073834,7.576337
-0.073871,7.578512
-0.073908,7.580686
-0.073944,7.582860
-0.073981,7.585035
-0.074018,7.587209
-0.074055,7.589383
-0.074092,7.591557
-0.074129,7.593731
-0.074166,7.595905
-0.074203,7.598078
-0.074240,7.600252
-0.074277,7.602426
-0.074314,7.604599
-0.074351,7.606773
-0.074388,7.608946
-0.074425,7.611120
-0.074462,7.613293
-0.074499,7.615466
-0.074536,7.617639
-0.074573,7.619812
-0.074610,7.621985
-0.074647,7.624158
-0.074684,7.626331
-0.074721,7.628504
-0.074758,7.630677
-0.074795,7.632849
-0.074832,7.635022
-0.074869,7.637194
-0.074906,7.639367
-0.074943,7.641539
-0.074981,7.643712
-0.075018,7.645884
-0.075055,7.648056
-0.075092,7.650228
-0.075129,7.652400
-0.075166,7.654572
-0.075203,7.656744
-0.075241,7.658916
-0.075278,7.661087
-0.075315,7.663259
-0.075352,7.665431
-0.075389,7.667602
-0.075427,7.669774
-0.075464,7.671945
-0.075501,7.674116
-0.075538,7.676288
-0.075576,7.678459
-0.075613,7.680630
-0.075650,7.682801
-0.075687,7.684972
-0.075725,7.687143
-0.075762,7.689314
-0.075799,7.691484
-0.075836,7.693655
-0.075874,7.695826
-0.075911,7.697996
-0.075948,7.700167
-0.075986,7.702337
-0.076023,7.704508
-0.076061,7.706678
-0.076098,7.708848
-0.076135,7.711018
-0.076173,7.713188
-0.076210,7.715358
-0.076247,7.717528
-0.076285,7.719698
-0.076322,7.721868
-0.076360,7.724037
-0.076397,7.726207
-0.076435,7.728377
-0.076472,7.730546
-0.076509,7.732715
-0.076547,7.734885
-0.076584,7.737054
-0.076622,7.739223
-0.076659,7.741392
-0.076697,7.743562
-0.076734,7.745731
-0.076772,7.747899
-0.076809,7.750068
-0.076847,7.752237
-0.076885,7.754406
-0.076922,7.756574
-0.076960,7.758743
-0.076997,7.760912
-0.077035,7.763080
-0.077072,7.765248
-0.077110,7.767417
-0.077148,7.769585
-0.077185,7.771753
-0.077223,7.773921
-0.077260,7.776089
-0.077298,7.778257
-0.077336,7.780425
-0.077373,7.782593
-0.077411,7.784760
-0.077449,7.786928
-0.077486,7.789096
-0.077524,7.791263
-0.077562,7.793431
-0.077599,7.795598
-0.077637,7.797765
-0.077675,7.799933
-0.077713,7.802100
-0.077750,7.804267
-0.077788,7.806434
-0.077826,7.808601
-0.077864,7.810768
-0.077901,7.812935
-0.077939,7.815101
-0.077977,7.817268
-0.078015,7.819435
-0.078052,7.821601
-0.078090,7.823768
-0.078128,7.825934
-0.078166,7.828100
-0.078204,7.830267
-0.078242,7.832433
-0.078279,7.834599
-0.078317,7.836765
-0.078355,7.838931
-0.078393,7.841097
-0.078431,7.843263
-0.078469,7.845428
-0.078507,7.847594
-0.078545,7.849760
-0.078583,7.851925
-0.078620,7.854091
-0.078658,7.856256
-0.078696,7.858421
-0.078734,7.860587
-0.078772,7.862752
-0.078810,7.864917
-0.078848,7.867082
-0.078886,7.869247
-0.078924,7.871412
-0.078962,7.873577
-0.079000,7.875742
-0.079038,7.877906
-0.079076,7.880071
-0.079114,7.882235
-0.079152,7.884400
-0.079190,7.886564
-0.079228,7.888729
-0.079267,7.890893
-0.079305,7.893057
-0.079343,7.895221
-0.079381,7.897385
-0.079419,7.899549
-0.079457,7.901713
-0.079495,7.903877
-0.079533,7.906041
-0.079571,7.908205
-0.079609,7.910368
-0.079648,7.912532
-0.079686,7.914695
-0.079724,7.916859
-0.079762,7.919022
-0.079800,7.921186
-0.079839,7.923349
-0.079877,7.925512
-0.079915,7.927675
-0.079953,7.929838
-0.079991,7.932001
-0.080030,7.934164
-0.080068,7.936327
-0.080106,7.938489
-0.080144,7.940652
-0.080183,7.942815
-0.080221,7.944977
-0.080259,7.947140
-0.080297,7.949302
-0.080336,7.951464
-0.080374,7.953627
-0.080412,7.955789
-0.080451,7.957951
-0.080489,7.960113
-0.080527,7.962275
-0.080566,7.964437
-0.080604,7.966598
-0.080642,7.968760
-0.080681,7.970922
-0.080719,7.973084
-0.080758,7.975245
-0.080796,7.977407
-0.080834,7.979568
-0.080873,7.981729
-0.080911,7.983890
-0.080950,7.986052
-0.080988,7.988213
-0.081027,7.990374
-0.081065,7.992535
-0.081104,7.994696
-0.081142,7.996857
-0.081181,7.999017
-0.081219,8.001178
-0.081258,8.003339
-0.081296,8.005499
-0.081335,8.007660
-0.081373,8.009820
-0.081412,8.011980
-0.081450,8.014141
-0.081489,8.016301
-0.081527,8.018461
-0.081566,8.020621
-0.081604,8.022781
-0.081643,8.024941
-0.081682,8.027101
-0.081720,8.029261
-0.081759,8.031420
-0.081797,8.033580
-0.081836,8.035739
-0.081875,8.037899
-0.081913,8.040058
-0.081952,8.042218
-0.081991,8.044377
-0.082029,8.046536
-0.082068,8.048695
-0.082107,8.050854
-0.082145,8.053013
-0.082184,8.055172
-0.082223,8.057331
-0.082261,8.059490
-0.082300,8.061649
-0.082339,8.063807
-0.082378,8.065966
-0.082416,8.068124
-0.082455,8.070283
-0.082494,8.072441
-0.082533,8.074599
-0.082571,8.076758
-0.082610,8.078916
-0.082649,8.081074
-0.082688,8.083232
-0.082727,8.085390
-0.082766,8.087548
-0.082804,8.089706
-0.082843,8.091863
-0.082882,8.094021
-0.082921,8.096179
-0.082960,8.098336
-0.082999,8.100494
-0.083038,8.102651
-0.083076,8.104808
-0.083115,8.106965
-0.083154,8.109123
-0.083193,8.111280
-0.083232,8.113437
-0.083271,8.115594
-0.083310,8.117751
-0.083349,8.119907
-0.083388,8.122064
-0.083427,8.124221
-0.083466,8.126377
-0.083505,8.128534
-0.083544,8.130690
-0.083583,8.132847
-0.083622,8.135003
-0.083661,8.137159
-0.083700,8.139316
-0.083739,8.141472
-0.083778,8.143628
-0.083817,8.145784
-0.083856,8.147940
-0.083895,8.150095
-0.083934,8.152251
-0.083973,8.154407
-0.084012,8.156562
-0.084051,8.158718
-0.084090,8.160873
-0.084130,8.163029
-0.084169,8.165184
-0.084208,8.167339
-0.084247,8.169495
-0.084286,8.171650
-0.084325,8.173805
-0.084364,8.175960
-0.084404,8.178115
-0.084443,8.180270
-0.084482,8.182424
-0.084521,8.184579
-0.084560,8.186734
-0.084600,8.188888
-0.084639,8.191043
-0.084678,8.193197
-0.084717,8.195351
-0.084757,8.197506
-0.084796,8.199660
-0.084835,8.201814
-0.084874,8.203968
-0.084914,8.206122
-0.084953,8.208276
-0.084992,8.210430
-0.085032,8.212584
-0.085071,8.214737
-0.085110,8.216891
-0.085149,8.219045
-0.085189,8.221198
-0.085228,8.223352
-0.085268,8.225505
-0.085307,8.227658
-0.085346,8.229811
-0.085386,8.231965
-0.085425,8.234118
-0.085464,8.236271
-0.085504,8.238424
-0.085543,8.240577
-0.085583,8.242729
-0.085622,8.244882
-0.085662,8.247035
-0.085701,8.249187
-0.085740,8.251340
-0.085780,8.253492
-0.085819,8.255645
-0.085859,8.257797
-0.085898,8.259949
-0.085938,8.262101
-0.085977,8.264253
-0.086017,8.266405
-0.086056,8.268557
-0.086096,8.270709
-0.086135,8.272861
-0.086175,8.275013
-0.086215,8.277165
-0.086254,8.279316
-0.086294,8.281468
-0.086333,8.283619
-0.086373,8.285770
-0.086412,8.287922
-0.086452,8.290073
-0.086492,8.292224
-0.086531,8.294375
-0.086571,8.296526
-0.086610,8.298677
-0.086650,8.300828
-0.086690,8.302979
-0.086729,8.305130
-0.086769,8.307280
-0.086809,8.309431
-0.086848,8.311582
-0.086888,8.313732
-0.086928,8.315883
-0.086968,8.318033
-0.087007,8.320183
-0.087047,8.322333
-0.087087,8.324483
-0.087127,8.326633
-0.087166,8.328783
-0.087206,8.330933
-0.087246,8.333083
-0.087286,8.335233
-0.087325,8.337383
-0.087365,8.339532
-0.087405,8.341682
-0.087445,8.343831
-0.087485,8.345981
-0.087524,8.348130
-0.087564,8.350279
-0.087604,8.352429
-0.087644,8.354578
-0.087684,8.356727
-0.087724,8.358876
-0.087764,8.361025
-0.087803,8.363174
-0.087843,8.365322
-0.087883,8.367471
-0.087923,8.369620
-0.087963,8.371768
-0.088003,8.373917
-0.088043,8.376065
-0.088083,8.378214
-0.088123,8.380362
-0.088163,8.382510
-0.088203,8.384658
-0.088243,8.386806
-0.088283,8.388954
-0.088323,8.391102
-0.088363,8.393250
-0.088403,8.395398
-0.088443,8.397546
-0.088483,8.399693
-0.088523,8.401841
-0.088563,8.403988
-0.088603,8.406136
-0.088643,8.408283
-0.088683,8.410430
-0.088723,8.412578
-0.088763,8.414725
-0.088803,8.416872
-0.088843,8.419019
-0.088883,8.421166
-0.088923,8.423313
-0.088964,8.425460
-0.089004,8.427606
-0.089044,8.429753
-0.089084,8.431900
-0.089124,8.434046
-0.089164,8.436193
-0.089205,8.438339
-0.089245,8.440485
-0.089285,8.442631
-0.089325,8.444778
-0.089365,8.446924
-0.089406,8.449070
-0.089446,8.451216
-0.089486,8.453362
-0.089526,8.455507
-0.089566,8.457653
-0.089607,8.459799
-0.089647,8.461944
-0.089687,8.464090
-0.089728,8.466235
-0.089768,8.468381
-0.089808,8.470526
-0.089848,8.472671
-0.089889,8.474817
-0.089929,8.476962
-0.089969,8.479107
-0.090010,8.481252
-0.090050,8.483397
-0.090090,8.485542
-0.090131,8.487686
-0.090171,8.489831
-0.090212,8.491976
-0.090252,8.494120
-0.090292,8.496265
-0.090333,8.498409
-0.090373,8.500553
-0.090414,8.502698
-0.090454,8.504842
-0.090494,8.506986
-0.090535,8.509130
-0.090575,8.511274
-0.090616,8.513418
-0.090656,8.515562
-0.090697,8.517706
-0.090737,8.519849
-0.090778,8.521993
-0.090818,8.524136
-0.090859,8.526280
-0.090899,8.528423
-0.090940,8.530567
-0.090980,8.532710
-0.091021,8.534853
-0.091061,8.536996
-0.091102,8.539139
-0.091142,8.541282
-0.091183,8.543425
-0.091224,8.545568
-0.091264,8.547711
-0.091305,8.549854
-0.091345,8.551996
-0.091386,8.554139
-0.091427,8.556281
-0.091467,8.558424
-0.091508,8.560566
-0.091549,8.562709
-0.091589,8.564851
-0.091630,8.566993
-0.091671,8.569135
-0.091711,8.571277
-0.091752,8.573419
-0.091793,8.575561
-0.091833,8.577703
-0.091874,8.579844
-0.091915,8.581986
-0.091956,8.584128
-0.091996,8.586269
-0.092037,8.588411
-0.092078,8.590552
-0.092119,8.592693
-0.092159,8.594834
-0.092200,8.596976
-0.092241,8.599117
-0.092282,8.601258
-0.092322,8.603399
-0.092363,8.605540
-0.092404,8.607680
-0.092445,8.609821
-0.092486,8.611962
-0.092527,8.614102
-0.092567,8.616243
-0.092608,8.618383
-0.092649,8.620524
-0.092690,8.622664
-0.092731,8.624804
-0.092772,8.626945
-0.092813,8.629085
-0.092854,8.631225
-0.092895,8.633365
-0.092936,8.635505
-0.092976,8.637644
-0.093017,8.639784
-0.093058,8.641924
-0.093099,8.644063
-0.093140,8.646203
-0.093181,8.648342
-0.093222,8.650482
-0.093263,8.652621
-0.093304,8.654760
-0.093345,8.656900
-0.093386,8.659039
-0.093427,8.661178
-0.093468,8.663317
-0.093509,8.665456
-0.093550,8.667595
-0.093591,8.669733
-0.093633,8.671872
-0.093674,8.674011
-0.093715,8.676149
-0.093756,8.678288
-0.093797,8.680426
-0.093838,8.682564
-0.093879,8.684703
-0.093920,8.686841
-0.093961,8.688979
-0.094003,8.691117
-0.094044,8.693255
-0.094085,8.695393
-0.094126,8.697531
-0.094167,8.699669
-0.094208,8.701806
-0.094250,8.703944
-0.094291,8.706082
-0.094332,8.708219
-0.094373,8.710357
-0.094414,8.712494
-0.094456,8.714631
-0.094497,8.716768
-0.094538,8.718906
-0.094579,8.721043
-0.094621,8.723180
-0.094662,8.725317
-0.094703,8.727453
-0.094744,8.729590
-0.094786,8.731727
-0.094827,8.733864
-0.094868,8.736000
-0.094910,8.738137
-0.094951,8.740273
-0.094992,8.742409
-0.095034,8.744546
-0.095075,8.746682
-0.095116,8.748818
-0.095158,8.750954
-0.095199,8.753090
-0.095241,8.755226
-0.095282,8.757362
-0.095323,8.759498
-0.095365,8.761634
-0.095406,8.763769
-0.095448,8.765905
-0.095489,8.768040
-0.095531,8.770176
-0.095572,8.772311
-0.095613,8.774447
-0.095655,8.776582
-0.095696,8.778717
-0.095738,8.780852
-0.095779,8.782987
-0.095821,8.785122
-0.095862,8.787257
-0.095904,8.789392
-0.095945,8.791527
-0.095987,8.793661
-0.096028,8.795796
-0.096070,8.797930
-0.096112,8.800065
-0.096153,8.802199
-0.096195,8.804334
-0.096236,8.806468
-0.096278,8.808602
-0.096320,8.810736
-0.096361,8.812870
-0.096403,8.815004
-0.096444,8.817138
-0.096486,8.819272
-0.096528,8.821406
-0.096569,8.823539
-0.096611,8.825673
-0.096653,8.827806
-0.096694,8.829940
-0.096736,8.832073
-0.096778,8.834207
-0.096819,8.836340
-0.096861,8.838473
-0.096903,8.840606
-0.096944,8.842739
-0.096986,8.844872
-0.097028,8.847005
-0.097070,8.849138
-0.097111,8.851271
-0.097153,8.853403
-0.097195,8.855536
-0.097237,8.857669
-0.097279,8.859801
-0.097320,8.861934
-0.097362,8.864066
-0.097404,8.866198
-0.097446,8.868330
-0.097488,8.870463
-0.097529,8.872595
-0.097571,8.874727
-0.097613,8.876859
-0.097655,8.878990
-0.097697,8.881122
-0.097739,8.883254
-0.097781,8.885386
-0.097823,8.887517
-0.097864,8.889649
-0.097906,8.891780
-0.097948,8.893911
-0.097990,8.896043
-0.098032,8.898174
-0.098074,8.900305
-0.098116,8.902436
-0.098158,8.904567
-0.098200,8.906698
-0.098242,8.908829
-0.098284,8.910960
-0.098326,8.913090
-0.098368,8.915221
-0.098410,8.917352
-0.098452,8.919482
-0.098494,8.921613
-0.098536,8.923743
-0.098578,8.925873
-0.098620,8.928004
-0.098662,8.930134
-0.098704,8.932264
-0.098746,8.934394
-0.098788,8.936524
-0.098830,8.938654
-0.098872,8.940783
-0.098915,8.942913
-0.098957,8.945043
-0.098999,8.947172
-0.099041,8.949302
-0.099083,8.951431
-0.099125,8.953561
-0.099167,8.955690
-0.099210,8.957819
-0.099252,8.959949
-0.099294,8.962078
-0.099336,8.964207
-0.099378,8.966336
-0.099420,8.968465
-0.099463,8.970593
-0.099505,8.972722
-0.099547,8.974851
-0.099589,8.976979
-0.099632,8.979108
-0.099674,8.981236
-0.099716,8.983365
-0.099758,8.985493
-0.099801,8.987621
-0.099843,8.989750
-0.099885,8.991878
-0.099928,8.994006
-0.099970,8.996134
-0.100012,8.998262
-0.100055,9.000389
-0.100097,9.002517
-0.100139,9.004645
-0.100182,9.006772
-0.100224,9.008900
-0.100266,9.011028
-0.100309,9.013155
-0.100351,9.015282
-0.100393,9.017410
-0.100436,9.019537
-0.100478,9.021664
-0.100521,9.023791
-0.100563,9.025918
-0.100605,9.028045
-0.100648,9.030172
-0.100690,9.032298
-0.100733,9.034425
-0.100775,9.036552
-0.100818,9.038678
-0.100860,9.040805
-0.100903,9.042931
-0.100945,9.045058
-0.100988,9.047184
-0.101030,9.049310
-0.101073,9.051436
-0.101115,9.053562
-0.101158,9.055688
-0.101200,9.057814
-0.101243,9.059940
-0.101285,9.062066
-0.101328,9.064192
-0.101371,9.066317
-0.101413,9.068443
-0.101456,9.070568
-0.101498,9.072694
-0.101541,9.074819
-0.101584,9.076944
-0.101626,9.079070
-0.101669,9.081195
-0.101712,9.083320
-0.101754,9.085445
-0.101797,9.087570
-0.101839,9.089695
-0.101882,9.091819
-0.101925,9.093944
-0.101968,9.096069
-0.102010,9.098193
-0.102053,9.100318
-0.102096,9.102442
-0.102138,9.104567
-0.102181,9.106691
-0.102224,9.108815
-0.102267,9.110939
-0.102309,9.113063
-0.102352,9.115187
-0.102395,9.117311
-0.102438,9.119435
-0.102480,9.121559
-0.102523,9.123683
-0.102566,9.125807
-0.102609,9.127930
-0.102652,9.130054
-0.102695,9.132177
-0.102737,9.134300
-0.102780,9.136424
-0.102823,9.138547
-0.102866,9.140670
-0.102909,9.142793
-0.102952,9.144916
-0.102995,9.147039
-0.103037,9.149162
-0.103080,9.151285
-0.103123,9.153408
-0.103166,9.155530
-0.103209,9.157653
-0.103252,9.159776
-0.103295,9.161898
-0.103338,9.164020
-0.103381,9.166143
-0.103424,9.168265
-0.103467,9.170387
-0.103510,9.172509
-0.103553,9.174631
-0.103596,9.176753
-0.103639,9.178875
-0.103682,9.180997
-0.103725,9.183119
-0.103768,9.185241
-0.103811,9.187362
-0.103854,9.189484
-0.103897,9.191605
-0.103940,9.193727
-0.103983,9.195848
-0.104026,9.197969
-0.104069,9.200090
-0.104112,9.202211
-0.104155,9.204333
-0.104199,9.206454
-0.104242,9.208574
-0.104285,9.210695
-0.104328,9.212816
-0.104371,9.214937
-0.104414,9.217057
-0.104457,9.219178
-0.104501,9.221298
-0.104544,9.223419
-0.104587,9.225539
-0.104630,9.227659
-0.104673,9.229780
-0.104717,9.231900
-0.104760,9.234020
-0.104803,9.236140
-0.104846,9.238260
-0.104890,9.240380
-0.104933,9.242499
-0.104976,9.244619
-0.105019,9.246739
-0.105063,9.248858
-0.105106,9.250978
-0.105149,9.253097
-0.105192,9.255217
-0.105236,9.257336
-0.105279,9.259455
-0.105322,9.261574
-0.105366,9.263693
-0.105409,9.265812
-0.105452,9.267931
-0.105496,9.270050
-0.105539,9.272169
-0.105582,9.274288
-0.105626,9.276406
-0.105669,9.278525
-0.105713,9.280643
-0.105756,9.282762
-0.105799,9.284880
-0.105843,9.286999
-0.105886,9.289117
-0.105930,9.291235
-0.105973,9.293353
-0.106017,9.295471
-0.106060,9.297589
-0.106104,9.299707
-0.106147,9.301825
-0.106191,9.303942
-0.106234,9.306060
-0.106278,9.308178
-0.106321,9.310295
-0.106365,9.312413
-0.106408,9.314530
-0.106452,9.316647
-0.106495,9.318765
-0.106539,9.320882
-0.106582,9.322999
-0.106626,9.325116
-0.106669,9.327233
-0.106713,9.329350
-0.106757,9.331467
-0.106800,9.333583
-0.106844,9.335700
-0.106887,9.337817
-0.106931,9.339933
-0.106975,9.342050
-0.107018,9.344166
-0.107062,9.346282
-0.107106,9.348399
-0.107149,9.350515
-0.107193,9.352631
-0.107237,9.354747
-0.107280,9.356863
-0.107324,9.358979
-0.107368,9.361095
-0.107411,9.363210
-0.107455,9.365326
-0.107499,9.367442
-0.107543,9.369557
-0.107586,9.371673
-0.107630,9.373788
-0.107674,9.375903
-0.107718,9.378019
-0.107761,9.380134
-0.107805,9.382249
-0.107849,9.384364
-0.107893,9.386479
-0.107936,9.388594
-0.107980,9.390709
-0.108024,9.392823
-0.108068,9.394938
-0.108112,9.397053
-0.108156,9.399167
-0.108200,9.401282
-0.108243,9.403396
-0.108287,9.405511
-0.108331,9.407625
-0.108375,9.409739
-0.108419,9.411853
-0.108463,9.413967
-0.108507,9.416081
-0.108551,9.418195
-0.108595,9.420309
-0.108639,9.422423
-0.108682,9.424537
-0.108726,9.426650
-0.108770,9.428764
-0.108814,9.430877
-0.108858,9.432991
-0.108902,9.435104
-0.108946,9.437217
-0.108990,9.439330
-0.109034,9.441444
-0.109078,9.443557
-0.109122,9.445670
-0.109166,9.447783
-0.109210,9.449895
-0.109254,9.452008
-0.109299,9.454121
-0.109343,9.456234
-0.109387,9.458346
-0.109431,9.460459
-0.109475,9.462571
-0.109519,9.464684
-0.109563,9.466796
-0.109607,9.468908
-0.109651,9.471020
-0.109695,9.473132
-0.109740,9.475244
-0.109784,9.477356
-0.109828,9.479468
-0.109872,9.481580
-0.109916,9.483692
-0.109960,9.485803
-0.110005,9.487915
-0.110049,9.490026
-0.110093,9.492138
-0.110137,9.494249
-0.110181,9.496361
-0.110226,9.498472
-0.110270,9.500583
-0.110314,9.502694
-0.110358,9.504805
-0.110403,9.506916
-0.110447,9.509027
-0.110491,9.511138
-0.110535,9.513248
-0.110580,9.515359
-0.110624,9.517470
-0.110668,9.519580
-0.110713,9.521691
-0.110757,9.523801
-0.110801,9.525911
-0.110846,9.528022
-0.110890,9.530132
-0.110934,9.532242
-0.110979,9.534352
-0.111023,9.536462
-0.111067,9.538572
-0.111112,9.540682
-0.111156,9.542791
-0.111201,9.544901
-0.111245,9.547011
-0.111289,9.549120
-0.111334,9.551230
-0.111378,9.553339
-0.111423,9.555448
-0.111467,9.557558
-0.111512,9.559667
-0.111556,9.561776
-0.111601,9.563885
-0.111645,9.565994
-0.111690,9.568103
-0.111734,9.570212
-0.111779,9.572320
-0.111823,9.574429
-0.111868,9.576538
-0.111912,9.578646
-0.111957,9.580755
-0.112001,9.582863
-0.112046,9.584972
-0.112090,9.587080
-0.112135,9.589188
-0.112179,9.591296
-0.112224,9.593404
-0.112269,9.595512
-0.112313,9.597620
-0.112358,9.599728
-0.112402,9.601836
-0.112447,9.603943
-0.112492,9.606051
-0.112536,9.608159
-0.112581,9.610266
-0.112626,9.612374
-0.112670,9.614481
-0.112715,9.616588
-0.112760,9.618695
-0.112804,9.620802
-0.112849,9.622910
-0.112894,9.625017
-0.112939,9.627123
-0.112983,9.629230
-0.113028,9.631337
-0.113073,9.633444
-0.113117,9.635550
-0.113162,9.637657
-0.113207,9.639764
-0.113252,9.641870
-0.113297,9.643976
-0.113341,9.646083
-0.113386,9.648189
-0.113431,9.650295
-0.113476,9.652401
-0.113521,9.654507
-0.113565,9.656613
-0.113610,9.658719
-0.113655,9.660825
-0.113700,9.662930
-0.113745,9.665036
-0.113790,9.667142
-0.113835,9.669247
-0.113879,9.671353
-0.113924,9.673458
-0.113969,9.675563
-0.114014,9.677668
-0.114059,9.679774
-0.114104,9.681879
-0.114149,9.683984
-0.114194,9.686089
-0.114239,9.688194
-0.114284,9.690298
-0.114329,9.692403
-0.114374,9.694508
-0.114419,9.696612
-0.114464,9.698717
-0.114509,9.700821
-0.114554,9.702926
-0.114599,9.705030
-0.114644,9.707134
-0.114689,9.709238
-0.114734,9.711342
-0.114779,9.713446
-0.114824,9.715550
-0.114869,9.717654
-0.114914,9.719758
-0.114959,9.721862
-0.115004,9.723966
-0.115049,9.726069
-0.115094,9.728173
-0.115139,9.730276
-0.115185,9.732380
-0.115230,9.734483
-0.115275,9.736586
-0.115320,9.738689
-0.115365,9.740792
-0.115410,9.742895
-0.115455,9.744998
-0.115501,9.747101
-0.115546,9.749204
-0.115591,9.751307
-0.115636,9.753410
-0.115681,9.755512
-0.115727,9.757615
-0.115772,9.759717
-0.115817,9.761820
-0.115862,9.763922
-0.115907,9.766024
-0.115953,9.768126
-0.115998,9.770228
-0.116043,9.772331
-0.116089,9.774432
-0.116134,9.776534
-0.116179,9.778636
-0.116224,9.780738
-0.116270,9.782840
-0.116315,9.784941
-0.116360,9.787043
-0.116406,9.789144
-0.116451,9.791246
-0.116496,9.793347
-0.116542,9.795448
-0.116587,9.797550
-0.116632,9.799651
-0.116678,9.801752
-0.116723,9.803853
-0.116769,9.805954
-0.116814,9.808054
-0.116859,9.810155
-0.116905,9.812256
-0.116950,9.814357
-0.116996,9.816457
-0.117041,9.818558
-0.117087,9.820658
-0.117132,9.822758
-0.117178,9.824859
-0.117223,9.826959
-0.117269,9.829059
-0.117314,9.831159
-0.117360,9.833259
-0.117405,9.835359
-0.117451,9.837459
-0.117496,9.839559
-0.117542,9.841658
-0.117587,9.843758
-0.117633,9.845858
-0.117678,9.847957
-0.117724,9.850057
-0.117769,9.852156
-0.117815,9.854255
-0.117861,9.856354
-0.117906,9.858454
-0.117952,9.860553
-0.117997,9.862652
-0.118043,9.864751
-0.118089,9.866849
-0.118134,9.868948
-0.118180,9.871047
-0.118226,9.873146
-0.118271,9.875244
-0.118317,9.877343
-0.118363,9.879441
-0.118408,9.881539
-0.118454,9.883638
-0.118500,9.885736
-0.118545,9.887834
-0.118591,9.889932
-0.118637,9.892030
-0.118682,9.894128
-0.118728,9.896226
-0.118774,9.898324
-0.118820,9.900422
-0.118865,9.902519
-0.118911,9.904617
-0.118957,9.906714
-0.119003,9.908812
-0.119049,9.910909
-0.119094,9.913007
-0.119140,9.915104
-0.119186,9.917201
-0.119232,9.919298
-0.119278,9.921395
-0.119324,9.923492
-0.119369,9.925589
-0.119415,9.927686
-0.119461,9.929782
-0.119507,9.931879
-0.119553,9.933976
-0.119599,9.936072
-0.119645,9.938169
-0.119691,9.940265
-0.119736,9.942361
-0.119782,9.944458
-0.119828,9.946554
-0.119874,9.948650
-0.119920,9.950746
-0.119966,9.952842
-0.120012,9.954938
-0.120058,9.957034
-0.120104,9.959129
-0.120150,9.961225
-0.120196,9.963321
-0.120242,9.965416
-0.120288,9.967512
-0.120334,9.969607
-0.120380,9.971702
-0.120426,9.973798
-0.120472,9.975893
-0.120518,9.977988
-0.120564,9.980083
-0.120610,9.982178
-0.120656,9.984273
-0.120703,9.986368
-0.120749,9.988463
-0.120795,9.990557
-0.120841,9.992652
-0.120887,9.994746
-0.120933,9.996841
-0.120979,9.998935
-0.121025,10.001030
-0.121071,10.003124
-0.121118,10.005218
-0.121164,10.007312
-0.121210,10.009406
-0.121256,10.011500
-0.121302,10.013594
-0.121349,10.015688
-0.121395,10.017782
-0.121441,10.019875
-0.121487,10.021969
-0.121533,10.024063
-0.121580,10.026156
-0.121626,10.028250
-0.121672,10.030343
-0.121718,10.032436
-0.121765,10.034529
-0.121811,10.036623
-0.121857,10.038716
-0.121903,10.040809
-0.121950,10.042901
-0.121996,10.044994
-0.122042,10.047087
-0.122089,10.049180
-0.122135,10.051272
-0.122181,10.053365
-0.122228,10.055458
-0.122274,10.057550
-0.122320,10.059642
-0.122367,10.061735
-0.122413,10.063827
-0.122460,10.065919
-0.122506,10.068011
-0.122552,10.070103
-0.122599,10.072195
-0.122645,10.074287
-0.122692,10.076379
-0.122738,10.078470
-0.122784,10.080562
-0.122831,10.082654
-0.122877,10.084745
-0.122924,10.086837
-0.122970,10.088928
-0.123017,10.091019
-0.123063,10.093110
-0.123110,10.095202
-0.123156,10.097293
-0.123203,10.099384
-0.123249,10.101475
-0.123296,10.103565
-0.123342,10.105656
-0.123389,10.107747
-0.123435,10.109838
-0.123482,10.111928
-0.123529,10.114019
-0.123575,10.116109
-0.123622,10.118200
-0.123668,10.120290
-0.123715,10.122380
-0.123761,10.124470
-0.123808,10.126560
-0.123855,10.128650
-0.123901,10.130740
-0.123948,10.132830
-0.123995,10.134920
-0.124041,10.137010
-0.124088,10.139099
-0.124135,10.141189
-0.124181,10.143279
-0.124228,10.145368
-0.124275,10.147457
-0.124321,10.149547
-0.124368,10.151636
-0.124415,10.153725
-0.124462,10.155814
-0.124508,10.157903
-0.124555,10.159992
-0.124602,10.162081
-0.124648,10.164170
-0.124695,10.166259
-0.124742,10.168347
-0.124789,10.170436
-0.124836,10.172525
-0.124882,10.174613
-0.124929,10.176701
-0.124976,10.178790
-0.125023,10.180878
-0.125070,10.182966
-0.125116,10.185054
-0.125163,10.187142
-0.125210,10.189230
-0.125257,10.191318
-0.125304,10.193406
-0.125351,10.195494
-0.125398,10.197581
-0.125445,10.199669
-0.125491,10.201757
-0.125538,10.203844
-0.125585,10.205931
-0.125632,10.208019
-0.125679,10.210106
-0.125726,10.212193
-0.125773,10.214280
-0.125820,10.216367
-0.125867,10.218454
-0.125914,10.220541
-0.125961,10.222628
-0.126008,10.224715
-0.126055,10.226802
-0.126102,10.228888
-0.126149,10.230975
-0.126196,10.233061
-0.126243,10.235148
-0.126290,10.237234
-0.126337,10.239320
-0.126384,10.241406
-0.126431,10.243493
-0.126478,10.245579
-0.126525,10.247665
-0.126572,10.249751
-0.126619,10.251836
-0.126666,10.253922
-0.126714,10.256008
-0.126761,10.258094
-0.126808,10.260179
-0.126855,10.262265
-0.126902,10.264350
-0.126949,10.266435
-0.126996,10.268521
-0.127044,10.270606
-0.127091,10.272691
-0.127138,10.274776
-0.127185,10.276861
-0.127232,10.278946
-0.127279,10.281031
-0.127327,10.283116
-0.127374,10.285200
-0.127421,10.287285
-0.127468,10.289370
-0.127516,10.291454
-0.127563,10.293538
-0.127610,10.295623
-0.127657,10.297707
-0.127705,10.299791
-0.127752,10.301876
-0.127799,10.303960
-0.127846,10.306044
-0.127894,10.308128
-0.127941,10.310211
-0.127988,10.312295
-0.128036,10.314379
-0.128083,10.316463
-0.128130,10.318546
-0.128178,10.320630
-0.128225,10.322713
-0.128272,10.324796
-0.128320,10.326880
-0.128367,10.328963
-0.128415,10.331046
-0.128462,10.333129
-0.128509,10.335212
-0.128557,10.337295
-0.128604,10.339378
-0.128652,10.341461
-0.128699,10.343544
-0.128747,10.345626
-0.128794,10.347709
-0.128841,10.349791
-0.128889,10.351874
-0.128936,10.353956
-0.128984,10.356038
-0.129031,10.358121
-0.129079,10.360203
-0.129126,10.362285
-0.129174,10.364367
-0.129221,10.366449
-0.129269,10.368531
-0.129316,10.370613
-0.129364,10.372694
-0.129412,10.374776
-0.129459,10.376858
-0.129507,10.378939
-0.129554,10.381021
-0.129602,10.383102
-0.129649,10.385183
-0.129697,10.387265
-0.129745,10.389346
-0.129792,10.391427
-0.129840,10.393508
-0.129888,10.395589
-0.129935,10.397670
-0.129983,10.399751
-0.130031,10.401831
-0.130078,10.403912
-0.130126,10.405993
-0.130174,10.408073
-0.130221,10.410154
-0.130269,10.412234
-0.130317,10.414314
-0.130364,10.416395
-0.130412,10.418475
-0.130460,10.420555
-0.130508,10.422635
-0.130555,10.424715
-0.130603,10.426795
-0.130651,10.428875
-0.130699,10.430954
-0.130746,10.433034
-0.130794,10.435114
-0.130842,10.437193
-0.130890,10.439273
-0.130937,10.441352
-0.130985,10.443431
-0.131033,10.445511
-0.131081,10.447590
-0.131129,10.449669
-0.131177,10.451748
-0.131224,10.453827
-0.131272,10.455906
-0.131320,10.457985
-0.131368,10.460064
-0.131416,10.462142
-0.131464,10.464221
-0.131512,10.466299
-0.131560,10.468378
-0.131608,10.470456
-0.131656,10.472535
-0.131703,10.474613
-0.131751,10.476691
-0.131799,10.478769
-0.131847,10.480847
-0.131895,10.482925
-0.131943,10.485003
-0.131991,10.487081
-0.132039,10.489159
-0.132087,10.491237
-0.132135,10.493314
-0.132183,10.495392
-0.132231,10.497469
-0.132279,10.499547
-0.132327,10.501624
-0.132375,10.503701
-0.132423,10.505779
-0.132471,10.507856
-0.132519,10.509933
-0.132568,10.512010
-0.132616,10.514087
-0.132664,10.516163
-0.132712,10.518240
-0.132760,10.520317
-0.132808,10.522394
-0.132856,10.524470
-0.132904,10.526547
-0.132952,10.528623
-0.133001,10.530699
-0.133049,10.532776
-0.133097,10.534852
-0.133145,10.536928
-0.133193,10.539004
-0.133241,10.541080
-0.133290,10.543156
-0.133338,10.545232
-0.133386,10.547308
-0.133434,10.549384
-0.133482,10.551459
-0.133531,10.553535
-0.133579,10.555610
-0.133627,10.557686
-0.133675,10.559761
-0.133724,10.561836
-0.133772,10.563912
-0.133820,10.565987
-0.133869,10.568062
-0.133917,10.570137
-0.133965,10.572212
-0.134013,10.574287
-0.134062,10.576361
-0.134110,10.578436
-0.134158,10.580511
-0.134207,10.582585
-0.134255,10.584660
-0.134303,10.586734
-0.134352,10.588809
-0.134400,10.590883
-0.134449,10.592957
-0.134497,10.595031
-0.134545,10.597106
-0.134594,10.599180
-0.134642,10.601254
-0.134691,10.603327
-0.134739,10.605401
-0.134787,10.607475
-0.134836,10.609549
-0.134884,10.611622
-0.134933,10.613696
-0.134981,10.615769
-0.135030,10.617843
-0.135078,10.619916
-0.135127,10.621989
-0.135175,10.624062
-0.135224,10.626135
-0.135272,10.628208
-0.135321,10.630281
-0.135369,10.632354
-0.135418,10.634427
-0.135466,10.636500
-0.135515,10.638573
-0.135563,10.640645
-0.135612,10.642718
-0.135661,10.644790
-0.135709,10.646863
-0.135758,10.648935
-0.135806,10.651007
-0.135855,10.653079
-0.135904,10.655151
-0.135952,10.657223
-0.136001,10.659295
-0.136049,10.661367
-0.136098,10.663439
-0.136147,10.665511
-0.136195,10.667583
-0.136244,10.669654
-0.136293,10.671726
-0.136341,10.673797
-0.136390,10.675869
-0.136439,10.677940
-0.136488,10.680011
-0.136536,10.682082
-0.136585,10.684153
-0.136634,10.686225
-0.136682,10.688295
-0.136731,10.690366
-0.136780,10.692437
-0.136829,10.694508
-0.136878,10.696579
-0.136926,10.698649
-0.136975,10.700720
-0.137024,10.702790
-0.137073,10.704861
-0.137121,10.706931
-0.137170,10.709001
-0.137219,10.711072
-0.137268,10.713142
-0.137317,10.715212
-0.137366,10.717282
-0.137415,10.719352
-0.137463,10.721421
-0.137512,10.723491
-0.137561,10.725561
-0.137610,10.727631
-0.137659,10.729700
-0.137708,10.731770
-0.137757,10.733839
-0.137806,10.735908
-0.137855,10.737978
-0.137904,10.740047
-0.137952,10.742116
-0.138001,10.744185
-0.138050,10.746254
-0.138099,10.748323
-0.138148,10.750392
-0.138197,10.752461
-0.138246,10.754529
-0.138295,10.756598
-0.138344,10.758666
-0.138393,10.760735
-0.138442,10.762803
-0.138491,10.764872
-0.138540,10.766940
-0.138589,10.769008
-0.138638,10.771076
-0.138688,10.773144
-0.138737,10.775212
-0.138786,10.777280
-0.138835,10.779348
-0.138884,10.781416
-0.138933,10.783484
-0.138982,10.785551
-0.139031,10.787619
-0.139080,10.789686
-0.139129,10.791754
-0.139179,10.793821
-0.139228,10.795889
-0.139277,10.797956
-0.139326,10.800023
-0.139375,10.802090
-0.139424,10.804157
-0.139474,10.806224
-0.139523,10.808291
-0.139572,10.810358
-0.139621,10.812424
-0.139670,10.814491
-0.139720,10.816558
-0.139769,10.818624
-0.139818,10.820691
-0.139867,10.822757
-0.139917,10.824823
-0.139966,10.826889
-0.140015,10.828956
-0.140064,10.831022
-0.140114,10.833088
-0.140163,10.835154
-0.140212,10.837219
-0.140262,10.839285
-0.140311,10.841351
-0.140360,10.843417
-0.140410,10.845482
-0.140459,10.847548
-0.140508,10.849613
-0.140558,10.851679
-0.140607,10.853744
-0.140656,10.855809
-0.140706,10.857874
-0.140755,10.859939
-0.140804,10.862004
-0.140854,10.864069
-0.140903,10.866134
-0.140953,10.868199
-0.141002,10.870264
-0.141052,10.872328
-0.141101,10.874393
-0.141150,10.876458
-0.141200,10.878522
-0.141249,10.880586
-0.141299,10.882651
-0.141348,10.884715
-0.141398,10.886779
-0.141447,10.888843
-0.141497,10.890907
-0.141546,10.892971
-0.141596,10.895035
-0.141645,10.897099
-0.141695,10.899163
-0.141744,10.901226
-0.141794,10.903290
-0.141844,10.905354
-0.141893,10.907417
-0.141943,10.909480
-0.141992,10.911544
-0.142042,10.913607
-0.142091,10.915670
-0.142141,10.917733
-0.142191,10.919796
-0.142240,10.921859
-0.142290,10.923922
-0.142340,10.925985
-0.142389,10.928048
-0.142439,10.930110
-0.142489,10.932173
-0.142538,10.934236
-0.142588,10.936298
-0.142638,10.938360
-0.142687,10.940423
-0.142737,10.942485
-0.142787,10.944547
-0.142836,10.946609
-0.142886,10.948671
-0.142936,10.950733
-0.142986,10.952795
-0.143035,10.954857
-0.143085,10.956919
-0.143135,10.958981
-0.143185,10.961042
-0.143234,10.963104
-0.143284,10.965165
-0.143334,10.967227
-0.143384,10.969288
-0.143434,10.971349
-0.143483,10.973410
-0.143533,10.975471
-0.143583,10.977533
-0.143633,10.979594
-0.143683,10.981654
-0.143733,10.983715
-0.143782,10.985776
-0.143832,10.987837
-0.143882,10.989897
-0.143932,10.991958
-0.143982,10.994018
-0.144032,10.996079
-0.144082,10.998139
-0.144132,11.000199
-0.144182,11.002260
-0.144232,11.004320
-0.144281,11.006380
-0.144331,11.008440
-0.144381,11.010500
-0.144431,11.012560
-0.144481,11.014619
-0.144531,11.016679
-0.144581,11.018739
-0.144631,11.020798
-0.144681,11.022858
-0.144731,11.024917
-0.144781,11.026977
-0.144831,11.029036
-0.144881,11.031095
-0.144931,11.033154
-0.144981,11.035213
-0.145031,11.037272
-0.145082,11.039331
-0.145132,11.041390
-0.145182,11.043449
-0.145232,11.045507
-0.145282,11.047566
-0.145332,11.049625
-0.145382,11.051683
-0.145432,11.053742
-0.145482,11.055800
-0.145532,11.057858
-0.145583,11.059916
-0.145633,11.061975
-0.145683,11.064033
-0.145733,11.066091
-0.145783,11.068149
-0.145833,11.070207
-0.145884,11.072264
-0.145934,11.074322
-0.145984,11.076380
-0.146034,11.078437
-0.146084,11.080495
-0.146135,11.082552
-0.146185,11.084610
-0.146235,11.086667
-0.146285,11.088724
-0.146336,11.090781
-0.146386,11.092838
-0.146436,11.094895
-0.146486,11.096952
-0.146537,11.099009
-0.146587,11.101066
-0.146637,11.103123
-0.146688,11.105179
-0.146738,11.107236
-0.146788,11.109292
-0.146839,11.111349
-0.146889,11.113405
-0.146939,11.115462
-0.146990,11.117518
-0.147040,11.119574
-0.147090,11.121630
-0.147141,11.123686
-0.147191,11.125742
-0.147242,11.127798
-0.147292,11.129854
-0.147342,11.131909
-0.147393,11.133965
-0.147443,11.136021
-0.147494,11.138076
-0.147544,11.140132
-0.147595,11.142187
-0.147645,11.144242
-0.147696,11.146298
-0.147746,11.148353
-0.147796,11.150408
-0.147847,11.152463
-0.147897,11.154518
-0.147948,11.156573
-0.147998,11.158627
-0.148049,11.160682
-0.148100,11.162737
-0.148150,11.164791
-0.148201,11.166846
-0.148251,11.168900
-0.148302,11.170955
-0.148352,11.173009
-0.148403,11.175063
-0.148453,11.177118
-0.148504,11.179172
-0.148555,11.181226
-0.148605,11.183280
-0.148656,11.185334
-0.148706,11.187387
-0.148757,11.189441
-0.148808,11.191495
-0.148858,11.193548
-0.148909,11.195602
-0.148960,11.197655
-0.149010,11.199709
-0.149061,11.201762
-0.149112,11.203815
-0.149162,11.205869
-0.149213,11.207922
-0.149264,11.209975
-0.149315,11.212028
-0.149365,11.214081
-0.149416,11.216133
-0.149467,11.218186
-0.149517,11.220239
-0.149568,11.222291
-0.149619,11.224344
-0.149670,11.226396
-0.149720,11.228449
-0.149771,11.230501
-0.149822,11.232553
-0.149873,11.234606
-0.149924,11.236658
-0.149974,11.238710
-0.150025,11.240762
-0.150076,11.242814
-0.150127,11.244866
-0.150178,11.246917
-0.150229,11.248969
-0.150280,11.251021
-0.150330,11.253072
-0.150381,11.255124
-0.150432,11.257175
-0.150483,11.259226
-0.150534,11.261278
-0.150585,11.263329
-0.150636,11.265380
-0.150687,11.267431
-0.150738,11.269482
-0.150789,11.271533
-0.150839,11.273584
-0.150890,11.275634
-0.150941,11.277685
-0.150992,11.279736
-0.151043,11.281786
-0.151094,11.283837
-0.151145,11.285887
-0.151196,11.287938
-0.151247,11.289988
-0.151298,11.292038
-0.151349,11.294088
-0.151400,11.296138
-0.151451,11.298188
-0.151502,11.300238
-0.151554,11.302288
-0.151605,11.304338
-0.151656,11.306388
-0.151707,11.308437
-0.151758,11.310487
-0.151809,11.312536
-0.151860,11.314586
-0.151911,11.316635
-0.151962,11.318684
-0.152013,11.320733
-0.152064,11.322783
-0.152116,11.324832
-0.152167,11.326881
-0.152218,11.328930
-0.152269,11.330978
-0.152320,11.333027
-0.152371,11.335076
-0.152423,11.337125
-0.152474,11.339173
-0.152525,11.341222
-0.152576,11.343270
-0.152627,11.345318
-0.152679,11.347367
-0.152730,11.349415
-0.152781,11.351463
-0.152832,11.353511
-0.152884,11.355559
-0.152935,11.357607
-0.152986,11.359655
-0.153037,11.361703
-0.153089,11.363750
-0.153140,11.365798
-0.153191,11.367846
-0.153243,11.369893
-0.153294,11.371941
-0.153345,11.373988
-0.153397,11.376035
-0.153448,11.378082
-0.153499,11.380130
-0.153551,11.382177
-0.153602,11.384224
-0.153653,11.386271
-0.153705,11.388317
-0.153756,11.390364
-0.153807,11.392411
-0.153859,11.394458
-0.153910,11.396504
-0.153962,11.398551
-0.154013,11.400597
-0.154065,11.402644
-0.154116,11.404690
-0.154167,11.406736
-0.154219,11.408782
-0.154270,11.410828
-0.154322,11.412874
-0.154373,11.414920
-0.154425,11.416966
-0.154476,11.419012
-0.154528,11.421058
-0.154579,11.423103
-0.154631,11.425149
-0.154682,11.427194
-0.154734,11.429240
-0.154785,11.431285
-0.154837,11.433331
-0.154888,11.435376
-0.154940,11.437421
-0.154992,11.439466
-0.155043,11.441511
-0.155095,11.443556
-0.155146,11.445601
-0.155198,11.447646
-0.155250,11.449690
-0.155301,11.451735
-0.155353,11.453780
-0.155404,11.455824
-0.155456,11.457869
-0.155508,11.459913
-0.155559,11.461957
-0.155611,11.464002
-0.155663,11.466046
-0.155714,11.468090
-0.155766,11.470134
-0.155818,11.472178
-0.155869,11.474222
-0.155921,11.476266
-0.155973,11.478309
-0.156025,11.480353
-0.156076,11.482397
-0.156128,11.484440
-0.156180,11.486484
-0.156231,11.488527
-0.156283,11.490570
-0.156335,11.492614
-0.156387,11.494657
-0.156439,11.496700
-0.156490,11.498743
-0.156542,11.500786
-0.156594,11.502829
-0.156646,11.504872
-0.156698,11.506914
-0.156749,11.508957
-0.156801,11.511000
-0.156853,11.513042
-0.156905,11.515085
-0.156957,11.517127
-0.157009,11.519169
-0.157061,11.521212
-0.157112,11.523254
-0.157164,11.525296
-0.157216,11.527338
-0.157268,11.529380
-0.157320,11.531422
-0.157372,11.533464
-0.157424,11.535505
-0.157476,11.537547
-0.157528,11.539589
-0.157580,11.541630
-0.157632,11.543672
-0.157684,11.545713
-0.157736,11.547754
-0.157788,11.549796
-0.157840,11.551837
-0.157892,11.553878
-0.157944,11.555919
-0.157996,11.557960
-0.158048,11.560001
-0.158100,11.562042
-0.158152,11.564082
-0.158204,11.566123
-0.158256,11.568164
-0.158308,11.570204
-0.158360,11.572245
-0.158412,11.574285
-0.158464,11.576326
-0.158516,11.578366
-0.158568,11.580406
-0.158620,11.582446
-0.158672,11.584486
-0.158725,11.586526
-0.158777,11.588566
-0.158829,11.590606
-0.158881,11.592646
-0.158933,11.594685
-0.158985,11.596725
-0.159037,11.598765
-0.159090,11.600804
-0.159142,11.602843
-0.159194,11.604883
-0.159246,11.606922
-0.159298,11.608961
-0.159351,11.611000
-0.159403,11.613039
-0.159455,11.615078
-0.159507,11.617117
-0.159560,11.619156
-0.159612,11.621195
-0.159664,11.623234
-0.159716,11.625272
-0.159769,11.627311
-0.159821,11.629349
-0.159873,11.631388
-0.159925,11.633426
-0.159978,11.635464
-0.160030,11.637503
-0.160082,11.639541
-0.160135,11.641579
-0.160187,11.643617
-0.160239,11.645655
-0.160292,11.647693
-0.160344,11.649730
-0.160396,11.651768
-0.160449,11.653806
-0.160501,11.655843
-0.160554,11.657881
-0.160606,11.659918
-0.160658,11.661955
-0.160711,11.663993
-0.160763,11.666030
-0.160816,11.668067
-0.160868,11.670104
-0.160920,11.672141
-0.160973,11.674178
-0.161025,11.676215
-0.161078,11.678252
-0.161130,11.680288
-0.161183,11.682325
-0.161235,11.684362
-0.161288,11.686398
-0.161340,11.688435
-0.161393,11.690471
-0.161445,11.692507
-0.161498,11.694543
-0.161550,11.696580
-0.161603,11.698616
-0.161655,11.700652
-0.161708,11.702688
-0.161761,11.704723
-0.161813,11.706759
-0.161866,11.708795
-0.161918,11.710831
-0.161971,11.712866
-0.162023,11.714902
-0.162076,11.716937
-0.162129,11.718973
-0.162181,11.721008
-0.162234,11.723043
-0.162287,11.725078
-0.162339,11.727113
-0.162392,11.729148
-0.162445,11.731183
-0.162497,11.733218
-0.162550,11.735253
-0.162603,11.737288
-0.162655,11.739322
-0.162708,11.741357
-0.162761,11.743391
-0.162813,11.745426
-0.162866,11.747460
-0.162919,11.749494
-0.162972,11.751529
-0.163024,11.753563
-0.163077,11.755597
-0.163130,11.757631
-0.163183,11.759665
-0.163235,11.761699
-0.163288,11.763733
-0.163341,11.765766
-0.163394,11.767800
-0.163447,11.769834
-0.163499,11.771867
-0.163552,11.773901
-0.163605,11.775934
-0.163658,11.777967
-0.163711,11.780000
-0.163764,11.782034
-0.163816,11.784067
-0.163869,11.786100
-0.163922,11.788133
-0.163975,11.790166
-0.164028,11.792198
-0.164081,11.794231
-0.164134,11.796264
-0.164187,11.798296
-0.164240,11.800329
-0.164292,11.802361
-0.164345,11.804394
-0.164398,11.806426
-0.164451,11.808458
-0.164504,11.810490
-0.164557,11.812523
-0.164610,11.814555
-0.164663,11.816586
-0.164716,11.818618
-0.164769,11.820650
-0.164822,11.822682
-0.164875,11.824714
-0.164928,11.826745
-0.164981,11.828777
-0.165034,11.830808
-0.165087,11.832840
-0.165140,11.834871
-0.165193,11.836902
-0.165246,11.838933
-0.165300,11.840964
-0.165353,11.842995
-0.165406,11.845026
-0.165459,11.847057
-0.165512,11.849088
-0.165565,11.851119
-0.165618,11.853150
-0.165671,11.855180
-0.165724,11.857211
-0.165778,11.859241
-0.165831,11.861272
-0.165884,11.863302
-0.165937,11.865332
-0.165990,11.867362
-0.166043,11.869392
-0.166097,11.871422
-0.166150,11.873452
-0.166203,11.875482
-0.166256,11.877512
-0.166309,11.879542
-0.166363,11.881572
-0.166416,11.883601
-0.166469,11.885631
-0.166522,11.887660
-0.166576,11.889690
-0.166629,11.891719
-0.166682,11.893748
-0.166735,11.895777
-0.166789,11.897806
-0.166842,11.899835
-0.166895,11.901864
-0.166949,11.903893
-0.167002,11.905922
-0.167055,11.907951
-0.167109,11.909980
-0.167162,11.912008
-0.167215,11.914037
-0.167269,11.916065
-0.167322,11.918094
-0.167375,11.920122
-0.167429,11.922150
-0.167482,11.924178
-0.167535,11.926207
-0.167589,11.928235
-0.167642,11.930263
-0.167696,11.932290
-0.167749,11.934318
-0.167802,11.936346
-0.167856,11.938374
-0.167909,11.940401
-0.167963,11.942429
-0.168016,11.944456
-0.168070,11.946484
-0.168123,11.948511
-0.168177,11.950538
-0.168230,11.952566
-0.168284,11.954593
-0.168337,11.956620
-0.168391,11.958647
-0.168444,11.960674
-0.168498,11.962701
-0.168551,11.964727
-0.168605,11.966754
-0.168658,11.968781
-0.168712,11.970807
-0.168766,11.972834
-0.168819,11.974860
-0.168873,11.976886
-0.168926,11.978913
-0.168980,11.980939
-0.169033,11.982965
-0.169087,11.984991
-0.169141,11.987017
-0.169194,11.989043
-0.169248,11.991069
-0.169302,11.993095
-0.169355,11.995120
-0.169409,11.997146
-0.169463,11.999171
-0.169516,12.001197
-0.169570,12.003222
-0.169624,12.005248
-0.169677,12.007273
-0.169731,12.009298
-0.169785,12.011323
-0.169838,12.013348
-0.169892,12.015373
-0.169946,12.017398
-0.170000,12.019423
-0.170053,12.021448
-0.170107,12.023473
-0.170161,12.025497
-0.170215,12.027522
-0.170268,12.029546
-0.170322,12.031571
-0.170376,12.033595
-0.170430,12.035619
-0.170484,12.037644
-0.170537,12.039668
-0.170591,12.041692
-0.170645,12.043716
-0.170699,12.045740
-0.170753,12.047764
-0.170807,12.049787
-0.170860,12.051811
-0.170914,12.053835
-0.170968,12.055858
-0.171022,12.057882
-0.171076,12.059905
-0.171130,12.061929
-0.171184,12.063952
-0.171238,12.065975
-0.171292,12.067998
-0.171346,12.070021
-0.171399,12.072044
-0.171453,12.074067
-0.171507,12.076090
-0.171561,12.078113
-0.171615,12.080136
-0.171669,12.082158
-0.171723,12.084181
-0.171777,12.086203
-0.171831,12.088226
-0.171885,12.090248
-0.171939,12.092270
-0.171993,12.094293
-0.172047,12.096315
-0.172101,12.098337
-0.172155,12.100359
-0.172209,12.102381
-0.172263,12.104403
-0.172317,12.106424
-0.172372,12.108446
-0.172426,12.110468
-0.172480,12.112489
-0.172534,12.114511
-0.172588,12.116532
-0.172642,12.118554
-0.172696,12.120575
-0.172750,12.122596
-0.172804,12.124617
-0.172859,12.126638
-0.172913,12.128659
-0.172967,12.130680
-0.173021,12.132701
-0.173075,12.134722
-0.173129,12.136743
-0.173184,12.138763
-0.173238,12.140784
-0.173292,12.142805
-0.173346,12.144825
-0.173400,12.146845
-0.173455,12.148866
-0.173509,12.150886
-0.173563,12.152906
-0.173617,12.154926
-0.173672,12.156946
-0.173726,12.158966
-0.173780,12.160986
-0.173834,12.163006
-0.173889,12.165025
-0.173943,12.167045
-0.173997,12.169065
-0.174051,12.171084
-0.174106,12.173104
-0.174160,12.175123
-0.174214,12.177142
-0.174269,12.179162
-0.174323,12.181181
-0.174377,12.183200
-0.174432,12.185219
-0.174486,12.187238
-0.174541,12.189257
-0.174595,12.191276
-0.174649,12.193294
-0.174704,12.195313
-0.174758,12.197331
-0.174813,12.199350
-0.174867,12.201368
-0.174921,12.203387
-0.174976,12.205405
-0.175030,12.207423
-0.175085,12.209442
-0.175139,12.211460
-0.175194,12.213478
-0.175248,12.215496
-0.175303,12.217514
-0.175357,12.219531
-0.175412,12.221549
-0.175466,12.223567
-0.175521,12.225584
-0.175575,12.227602
-0.175630,12.229619
-0.175684,12.231637
-0.175739,12.233654
-0.175793,12.235671
-0.175848,12.237688
-0.175902,12.239706
-0.175957,12.241723
-0.176011,12.243740
-0.176066,12.245756
-0.176121,12.247773
-0.176175,12.249790
-0.176230,12.251807
-0.176284,12.253823
-0.176339,12.255840
-0.176394,12.257856
-0.176448,12.259873
-0.176503,12.261889
-0.176558,12.263905
-0.176612,12.265921
-0.176667,12.267937
-0.176722,12.269953
-0.176776,12.271969
-0.176831,12.273985
-0.176886,12.276001
-0.176940,12.278017
-0.176995,12.280033
-0.177050,12.282048
-0.177105,12.284064
-0.177159,12.286079
-0.177214,12.288095
-0.177269,12.290110
-0.177324,12.292125
-0.177378,12.294140
-0.177433,12.296155
-0.177488,12.298170
-0.177543,12.300185
-0.177597,12.302200
-0.177652,12.304215
-0.177707,12.306230
-0.177762,12.308245
-0.177817,12.310259
-0.177872,12.312274
-0.177926,12.314288
-0.177981,12.316303
-0.178036,12.318317
-0.178091,12.320331
-0.178146,12.322345
-0.178201,12.324359
-0.178256,12.326374
-0.178310,12.328387
-0.178365,12.330401
-0.178420,12.332415
-0.178475,12.334429
-0.178530,12.336443
-0.178585,12.338456
-0.178640,12.340470
-0.178695,12.342483
-0.178750,12.344497
-0.178805,12.346510
-0.178860,12.348523
-0.178915,12.350536
-0.178970,12.352550
-0.179025,12.354563
-0.179080,12.356576
-0.179135,12.358589
-0.179190,12.360601
-0.179245,12.362614
-0.179300,12.364627
-0.179355,12.366639
-0.179410,12.368652
-0.179465,12.370664
-0.179520,12.372677
-0.179575,12.374689
-0.179630,12.376701
-0.179685,12.378714
-0.179740,12.380726
-0.179795,12.382738
-0.179850,12.384750
-0.179906,12.386762
-0.179961,12.388774
-0.180016,12.390785
-0.180071,12.392797
-0.180126,12.394809
-0.180181,12.396820
-0.180236,12.398832
-0.180291,12.400843
-0.180347,12.402854
-0.180402,12.404866
-0.180457,12.406877
-0.180512,12.408888
-0.180567,12.410899
-0.180623,12.412910
-0.180678,12.414921
-0.180733,12.416932
-0.180788,12.418943
-0.180843,12.420953
-0.180899,12.422964
-0.180954,12.424974
-0.181009,12.426985
-0.181065,12.428995
-0.181120,12.431006
-0.181175,12.433016
-0.181230,12.435026
-0.181286,12.437036
-0.181341,12.439046
-0.181396,12.441056
-0.181452,12.443066
-0.181507,12.445076
-0.181562,12.447086
-0.181618,12.449096
-0.181673,12.451105
-0.181728,12.453115
-0.181784,12.455124
-0.181839,12.457134
-0.181894,12.459143
-0.181950,12.461152
-0.182005,12.463161
-0.182061,12.465171
-0.182116,12.467180
-0.182171,12.469189
-0.182227,12.471198
-0.182282,12.473206
-0.182338,12.475215
-0.182393,12.477224
-0.182449,12.479233
-0.182504,12.481241
-0.182559,12.483250
-0.182615,12.485258
-0.182670,12.487266
-0.182726,12.489275
-0.182781,12.491283
-0.182837,12.493291
-0.182892,12.495299
-0.182948,12.497307
-0.183003,12.499315
-0.183059,12.501323
-0.183115,12.503331
-0.183170,12.505338
-0.183226,12.507346
-0.183281,12.509353
-0.183337,12.511361
-0.183392,12.513368
-0.183448,12.515376
-0.183504,12.517383
-0.183559,12.519390
-0.183615,12.521397
-0.183670,12.523404
-0.183726,12.525411
-0.183782,12.527418
-0.183837,12.529425
-0.183893,12.531432
-0.183949,12.533439
-0.184004,12.535445
-0.184060,12.537452
-0.184116,12.539458
-0.184171,12.541465
-0.184227,12.543471
-0.184283,12.545478
-0.184338,12.547484
-0.184394,12.549490
-0.184450,12.551496
-0.184506,12.553502
-0.184561,12.555508
-0.184617,12.557514
-0.184673,12.559520
-0.184729,12.561525
-0.184784,12.563531
-0.184840,12.565536
-0.184896,12.567542
-0.184952,12.569547
-0.185007,12.571553
-0.185063,12.573558
-0.185119,12.575563
-0.185175,12.577568
-0.185231,12.579573
-0.185286,12.581579
-0.185342,12.583583
-0.185398,12.585588
-0.185454,12.587593
-0.185510,12.589598
-0.185566,12.591602
-0.185622,12.593607
-0.185678,12.595612
-0.185733,12.597616
-0.185789,12.599620
-0.185845,12.601625
-0.185901,12.603629
-0.185957,12.605633
-0.186013,12.607637
-0.186069,12.609641
-0.186125,12.611645
-0.186181,12.613649
-0.186237,12.615653
-0.186293,12.617656
-0.186349,12.619660
-0.186405,12.621664
-0.186461,12.623667
-0.186517,12.625671
-0.186573,12.627674
-0.186629,12.629677
-0.186685,12.631680
-0.186741,12.633684
-0.186797,12.635687
-0.186853,12.637690
-0.186909,12.639693
-0.186965,12.641696
-0.187021,12.643698
-0.187077,12.645701
-0.187133,12.647704
-0.187189,12.649706
-0.187245,12.651709
-0.187301,12.653711
-0.187358,12.655714
-0.187414,12.657716
-0.187470,12.659718
-0.187526,12.661720
-0.187582,12.663722
-0.187638,12.665724
-0.187694,12.667726
-0.187750,12.669728
-0.187807,12.671730
-0.187863,12.673732
-0.187919,12.675733
-0.187975,12.677735
-0.188031,12.679737
-0.188088,12.681738
-0.188144,12.683739
-0.188200,12.685741
-0.188256,12.687742
-0.188312,12.689743
-0.188369,12.691744
-0.188425,12.693745
-0.188481,12.695746
-0.188537,12.697747
-0.188594,12.699748
-0.188650,12.701749
-0.188706,12.703749
-0.188763,12.705750
-0.188819,12.707750
-0.188875,12.709751
-0.188932,12.711751
-0.188988,12.713751
-0.189044,12.715752
-0.189101,12.717752
-0.189157,12.719752
-0.189213,12.721752
-0.189270,12.723752
-0.189326,12.725752
-0.189382,12.727752
-0.189439,12.729751
-0.189495,12.731751
-0.189551,12.733751
-0.189608,12.735750
-0.189664,12.737750
-0.189721,12.739749
-0.189777,12.741748
-0.189834,12.743747
-0.189890,12.745747
-0.189946,12.747746
-0.190003,12.749745
-0.190059,12.751744
-0.190116,12.753743
-0.190172,12.755741
-0.190229,12.757740
-0.190285,12.759739
-0.190342,12.761737
-0.190398,12.763736
-0.190455,12.765734
-0.190511,12.767733
-0.190568,12.769731
-0.190624,12.771729
-0.190681,12.773728
-0.190738,12.775726
-0.190794,12.777724
-0.190851,12.779722
-0.190907,12.781719
-0.190964,12.783717
-0.191020,12.785715
-0.191077,12.787713
-0.191134,12.789710
-0.191190,12.791708
-0.191247,12.793705
-0.191303,12.795703
-0.191360,12.797700
-0.191417,12.799697
-0.191473,12.801694
-0.191530,12.803692
-0.191587,12.805689
-0.191643,12.807686
-0.191700,12.809682
-0.191757,12.811679
-0.191813,12.813676
-0.191870,12.815673
-0.191927,12.817669
-0.191984,12.819666
-0.192040,12.821662
-0.192097,12.823659
-0.192154,12.825655
-0.192210,12.827651
-0.192267,12.829647
-0.192324,12.831643
-0.192381,12.833640
-0.192438,12.835635
-0.192494,12.837631
-0.192551,12.839627
-0.192608,12.841623
-0.192665,12.843619
-0.192722,12.845614
-0.192778,12.847610
-0.192835,12.849605
-0.192892,12.851601
-0.192949,12.853596
-0.193006,12.855591
-0.193063,12.857586
-0.193119,12.859581
-0.193176,12.861577
-0.193233,12.863571
-0.193290,12.865566
-0.193347,12.867561
-0.193404,12.869556
-0.193461,12.871551
-0.193518,12.873545
-0.193575,12.875540
-0.193632,12.877534
-0.193688,12.879529
-0.193745,12.881523
-0.193802,12.883517
-0.193859,12.885511
-0.193916,12.887506
-0.193973,12.889500
-0.194030,12.891494
-0.194087,12.893487
-0.194144,12.895481
-0.194201,12.897475
-0.194258,12.899469
-0.194315,12.901462
-0.194372,12.903456
-0.194429,12.905449
-0.194486,12.907443
-0.194543,12.909436
-0.194600,12.911429
-0.194658,12.913422
-0.194715,12.915416
-0.194772,12.917409
-0.194829,12.919402
-0.194886,12.921395
-0.194943,12.923387
-0.195000,12.925380
-0.195057,12.927373
-0.195114,12.929365
-0.195171,12.931358
-0.195229,12.933350
-0.195286,12.935343
-0.195343,12.937335
-0.195400,12.939327
-0.195457,12.941320
-0.195514,12.943312
-0.195572,12.945304
-0.195629,12.947296
-0.195686,12.949288
-0.195743,12.951279
-0.195800,12.953271
-0.195858,12.955263
-0.195915,12.957255
-0.195972,12.959246
-0.196029,12.961238
-0.196086,12.963229
-0.196144,12.965220
-0.196201,12.967212
-0.196258,12.969203
-0.196316,12.971194
-0.196373,12.973185
-0.196430,12.975176
-0.196487,12.977167
-0.196545,12.979158
-0.196602,12.981148
-0.196659,12.983139
-0.196717,12.985130
-0.196774,12.987120
-0.196831,12.989111
-0.196889,12.991101
-0.196946,12.993091
-0.197003,12.995082
-0.197061,12.997072
-0.197118,12.999062
-0.197176,13.001052
-0.197233,13.003042
-0.197290,13.005032
-0.197348,13.007022
-0.197405,13.009012
-0.197463,13.011001
-0.197520,13.012991
-0.197577,13.014980
-0.197635,13.016970
-0.197692,13.018959
-0.197750,13.020949
-0.197807,13.022938
-0.197865,13.024927
-0.197922,13.026916
-0.197980,13.028905
-0.198037,13.030894
-0.198095,13.032883
-0.198152,13.034872
-0.198210,13.036861
-0.198267,13.038849
-0.198325,13.040838
-0.198382,13.042827
-0.198440,13.044815
-0.198497,13.046804
-0.198555,13.048792
-0.198613,13.050780
-0.198670,13.052768
-0.198728,13.054756
-0.198785,13.056745
-0.198843,13.058733
-0.198901,13.060720
-0.198958,13.062708
-0.199016,13.064696
-0.199073,13.066684
-0.199131,13.068671
-0.199189,13.070659
-0.199246,13.072646
-0.199304,13.074634
-0.199362,13.076621
-0.199419,13.078608
-0.199477,13.080596
-0.199535,13.082583
-0.199592,13.084570
-0.199650,13.086557
-0.199708,13.088544
-0.199766,13.090531
-0.199823,13.092517
-0.199881,13.094504
-0.199939,13.096491
-0.199997,13.098477
-0.200054,13.100464
-0.200112,13.102450
-0.200170,13.104436
-0.200228,13.106423
-0.200285,13.108409
-0.200343,13.110395
-0.200401,13.112381
-0.200459,13.114367
-0.200517,13.116353
-0.200574,13.118339
-0.200632,13.120325
-0.200690,13.122310
-0.200748,13.124296
-0.200806,13.126282
-0.200864,13.128267
-0.200921,13.130252
-0.200979,13.132238
-0.201037,13.134223
-0.201095,13.136208
-0.201153,13.138193
-0.201211,13.140178
-0.201269,13.142163
-0.201327,13.144148
-0.201385,13.146133
-0.201443,13.148118
-0.201501,13.150103
-0.201558,13.152087
-0.201616,13.154072
-0.201674,13.156056
-0.201732,13.158041
-0.201790,13.160025
-0.201848,13.162009
-0.201906,13.163994
-0.201964,13.165978
-0.202022,13.167962
-0.202080,13.169946
-0.202138,13.171930
-0.202196,13.173914
-0.202254,13.175897
-0.202312,13.177881
-0.202370,13.179865
-0.202429,13.181848
-0.202487,13.183832
-0.202545,13.185815
-0.202603,13.187799
-0.202661,13.189782
-0.202719,13.191765
-0.202777,13.193748
-0.202835,13.195731
-0.202893,13.197714
-0.202951,13.199697
-0.203009,13.201680
-0.203068,13.203663
-0.203126,13.205646
-0.203184,13.207628
-0.203242,13.209611
-0.203300,13.211593
-0.203358,13.213576
-0.203417,13.215558
-0.203475,13.217540
-0.203533,13.219523
-0.203591,13.221505
-0.203649,13.223487
-0.203708,13.225469
-0.203766,13.227451
-0.203824,13.229432
-0.203882,13.231414
-0.203941,13.233396
-0.203999,13.235378
-0.204057,13.237359
-0.204115,13.239341
-0.204174,13.241322
-0.204232,13.243303
-0.204290,13.245285
-0.204348,13.247266
-0.204407,13.249247
-0.204465,13.251228
-0.204523,13.253209
-0.204582,13.255190
-0.204640,13.257171
-0.204698,13.259152
-0.204757,13.261132
-0.204815,13.263113
-0.204873,13.265094
-0.204932,13.267074
-0.204990,13.269055
-0.205049,13.271035
-0.205107,13.273015
-0.205165,13.274995
-0.205224,13.276976
-0.205282,13.278956
-0.205341,13.280936
-0.205399,13.282916
-0.205457,13.284895
-0.205516,13.286875
-0.205574,13.288855
-0.205633,13.290835
-0.205691,13.292814
-0.205750,13.294794
-0.205808,13.296773
-0.205867,13.298752
-0.205925,13.300732
-0.205984,13.302711
-0.206042,13.304690
-0.206101,13.306669
-0.206159,13.308648
-0.206218,13.310627
-0.206276,13.312606
-0.206335,13.314585
-0.206393,13.316563
-0.206452,13.318542
-0.206511,13.320521
-0.206569,13.322499
-0.206628,13.324478
-0.206686,13.326456
-0.206745,13.328434
-0.206803,13.330412
-0.206862,13.332391
-0.206921,13.334369
-0.206979,13.336347
-0.207038,13.338325
-0.207097,13.340303
-0.207155,13.342280
-0.207214,13.344258
-0.207273,13.346236
-0.207331,13.348213
-0.207390,13.350191
-0.207449,13.352168
-0.207507,13.354146
-0.207566,13.356123
-0.207625,13.358100
-0.207683,13.360077
-0.207742,13.362054
-0.207801,13.364031
-0.207860,13.366008
-0.207918,13.367985
-0.207977,13.369962
-0.208036,13.371939
-0.208095,13.373915
-0.208153,13.375892
-0.208212,13.377868
-0.208271,13.379845
-0.208330,13.381821
-0.208389,13.383797
-0.208447,13.385774
-0.208506,13.387750
-0.208565,13.389726
-0.208624,13.391702
-0.208683,13.393678
-0.208741,13.395654
-0.208800,13.397629
-0.208859,13.399605
-0.208918,13.401581
-0.208977,13.403556
-0.209036,13.405532
-0.209095,13.407507
-0.209154,13.409483
-0.209212,13.411458
-0.209271,13.413433
-0.209330,13.415408
-0.209389,13.417383
-0.209448,13.419358
-0.209507,13.421333
-0.209566,13.423308
-0.209625,13.425283
-0.209684,13.427258
-0.209743,13.429232
-0.209802,13.431207
-0.209861,13.433182
-0.209920,13.435156
-0.209979,13.437130
-0.210038,13.439105
-0.210097,13.441079
-0.210156,13.443053
-0.210215,13.445027
-0.210274,13.447001
-0.210333,13.448975
-0.210392,13.450949
-0.210451,13.452923
-0.210510,13.454896
-0.210569,13.456870
-0.210628,13.458844
-0.210687,13.460817
-0.210746,13.462791
-0.210806,13.464764
-0.210865,13.466737
-0.210924,13.468710
-0.210983,13.470684
-0.211042,13.472657
-0.211101,13.474630
-0.211160,13.476603
-0.211219,13.478576
-0.211279,13.480548
-0.211338,13.482521
-0.211397,13.484494
-0.211456,13.486466
-0.211515,13.488439
-0.211574,13.490411
-0.211634,13.492384
-0.211693,13.494356
-0.211752,13.496328
-0.211811,13.498300
-0.211871,13.500272
-0.211930,13.502244
-0.211989,13.504216
-0.212048,13.506188
-0.212108,13.508160
-0.212167,13.510132
-0.212226,13.512103
-0.212285,13.514075
-0.212345,13.516046
-0.212404,13.518018
-0.212463,13.519989
-0.212523,13.521961
-0.212582,13.523932
-0.212641,13.525903
-0.212701,13.527874
-0.212760,13.529845
-0.212819,13.531816
-0.212879,13.533787
-0.212938,13.535758
-0.212997,13.537728
-0.213057,13.539699
-0.213116,13.541670
-0.213175,13.543640
-0.213235,13.545611
-0.213294,13.547581
-0.213354,13.549551
-0.213413,13.551521
-0.213472,13.553492
-0.213532,13.555462
-0.213591,13.557432
-0.213651,13.559402
-0.213710,13.561372
-0.213770,13.563341
-0.213829,13.565311
-0.213889,13.567281
-0.213948,13.569250
-0.214008,13.571220
-0.214067,13.573189
-0.214127,13.575159
-0.214186,13.577128
-0.214246,13.579097
-0.214305,13.581066
-0.214365,13.583035
-0.214424,13.585004
-0.214484,13.586973
-0.214543,13.588942
-0.214603,13.590911
-0.214662,13.592880
-0.214722,13.594848
-0.214782,13.596817
-0.214841,13.598786
-0.214901,13.600754
-0.214960,13.602722
-0.215020,13.604691
-0.215080,13.606659
-0.215139,13.608627
-0.215199,13.610595
-0.215259,13.612563
-0.215318,13.614531
-0.215378,13.616499
-0.215438,13.618467
-0.215497,13.620434
-0.215557,13.622402
-0.215617,13.624370
-0.215676,13.626337
-0.215736,13.628305
-0.215796,13.630272
-0.215855,13.632239
-0.215915,13.634207
-0.215975,13.636174
-0.216035,13.638141
-0.216094,13.640108
-0.216154,13.642075
-0.216214,13.644042
-0.216274,13.646008
-0.216333,13.647975
-0.216393,13.649942
-0.216453,13.651908
-0.216513,13.653875
-0.216572,13.655841
-0.216632,13.657808
-0.216692,13.659774
-0.216752,13.661740
-0.216812,13.663706
-0.216872,13.665673
-0.216931,13.667639
-0.216991,13.669605
-0.217051,13.671570
-0.217111,13.673536
-0.217171,13.675502
-0.217231,13.677468
-0.217291,13.679433
-0.217351,13.681399
-0.217410,13.683364
-0.217470,13.685330
-0.217530,13.687295
-0.217590,13.689260
-0.217650,13.691225
-0.217710,13.693190
-0.217770,13.695155
-0.217830,13.697120
-0.217890,13.699085
-0.217950,13.701050
-0.218010,13.703015
-0.218070,13.704979
-0.218130,13.706944
-0.218190,13.708908
-0.218250,13.710873
-0.218310,13.712837
-0.218370,13.714802
-0.218430,13.716766
-0.218490,13.718730
-0.218550,13.720694
-0.218610,13.722658
-0.218670,13.724622
-0.218730,13.726586
-0.218790,13.728550
-0.218850,13.730513
-0.218910,13.732477
-0.218970,13.734441
-0.219030,13.736404
-0.219091,13.738368
-0.219151,13.740331
-0.219211,13.742294
-0.219271,13.744258
-0.219331,13.746221
-0.219391,13.748184
-0.219451,13.750147
-0.219512,13.752110
-0.219572,13.754073
-0.219632,13.756036
-0.219692,13.757998
-0.219752,13.759961
-0.219812,13.761923
-0.219873,13.763886
-0.219933,13.765848
-0.219993,13.767811
-0.220053,13.769773
-0.220113,13.771735
-0.220174,13.773698
-0.220234,13.775660
-0.220294,13.777622
-0.220354,13.779584
-0.220415,13.781545
-0.220475,13.783507
-0.220535,13.785469
-0.220596,13.787431
-0.220656,13.789392
-0.220716,13.791354
-0.220776,13.793315
-0.220837,13.795277
-0.220897,13.797238
-0.220957,13.799199
-0.221018,13.801160
-0.221078,13.803121
-0.221138,13.805082
-0.221199,13.807043
-0.221259,13.809004
-0.221319,13.810965
-0.221380,13.812926
-0.221440,13.814886
-0.221501,13.816847
-0.221561,13.818808
-0.221621,13.820768
-0.221682,13.822728
-0.221742,13.824689
-0.221803,13.826649
-0.221863,13.828609
-0.221924,13.830569
-0.221984,13.832529
-0.222044,13.834489
-0.222105,13.836449
-0.222165,13.838409
-0.222226,13.840369
-0.222286,13.842328
-0.222347,13.844288
-0.222407,13.846247
-0.222468,13.848207
-0.222528,13.850166
-0.222589,13.852125
-0.222649,13.854085
-0.222710,13.856044
-0.222770,13.858003
-0.222831,13.859962
-0.222892,13.861921
-0.222952,13.863880
-0.223013,13.865839
-0.223073,13.867797
-0.223134,13.869756
-0.223194,13.871715
-0.223255,13.873673
-0.223316,13.875632
-0.223376,13.877590
-0.223437,13.879548
-0.223498,13.881507
-0.223558,13.883465
-0.223619,13.885423
-0.223679,13.887381
-0.223740,13.889339
-0.223801,13.891297
-0.223861,13.893254
-0.223922,13.895212
-0.223983,13.897170
-0.224044,13.899127
-0.224104,13.901085
-0.224165,13.903042
-0.224226,13.905000
-0.224286,13.906957
-0.224347,13.908914
-0.224408,13.910871
-0.224469,13.912829
-0.224529,13.914786
-0.224590,13.916743
-0.224651,13.918699
-0.224712,13.920656
-0.224772,13.922613
-0.224833,13.924570
-0.224894,13.926526
-0.224955,13.928483
-0.225016,13.930439
-0.225076,13.932396
-0.225137,13.934352
-0.225198,13.936308
-0.225259,13.938264
-0.225320,13.940220
-0.225381,13.942176
-0.225441,13.944132
-0.225502,13.946088
-0.225563,13.948044
-0.225624,13.950000
-0.225685,13.951955
-0.225746,13.953911
-0.225807,13.955867
-0.225868,13.957822
-0.225929,13.959777
-0.225989,13.961733
-0.226050,13.963688
-0.226111,13.965643
-0.226172,13.967598
-0.226233,13.969553
-0.226294,13.971508
-0.226355,13.973463
-0.226416,13.975418
-0.226477,13.977373
-0.226538,13.979327
-0.226599,13.981282
-0.226660,13.983236
-0.226721,13.985191
-0.226782,13.987145
-0.226843,13.989099
-0.226904,13.991054
-0.226965,13.993008
-0.227026,13.994962
-0.227087,13.996916
-0.227148,13.998870
-0.227209,14.000824
-0.227270,14.002778
-0.227332,14.004731
-0.227393,14.006685
-0.227454,14.008639
-0.227515,14.010592
-0.227576,14.012546
-0.227637,14.014499
-0.227698,14.016452
-0.227759,14.018405
-0.227820,14.020359
-0.227882,14.022312
-0.227943,14.024265
-0.228004,14.026218
-0.228065,14.028171
-0.228126,14.030123
-0.228187,14.032076
-0.228249,14.034029
-0.228310,14.035981
-0.228371,14.037934
-0.228432,14.039886
-0.228493,14.041839
-0.228555,14.043791
-0.228616,14.045743
-0.228677,14.047695
-0.228738,14.049648
-0.228800,14.051600
-0.228861,14.053552
-0.228922,14.055503
-0.228983,14.057455
-0.229045,14.059407
-0.229106,14.061359
-0.229167,14.063310
-0.229229,14.065262
-0.229290,14.067213
-0.229351,14.069165
-0.229412,14.071116
-0.229474,14.073067
-0.229535,14.075018
-0.229596,14.076969
-0.229658,14.078920
-0.229719,14.080871
-0.229781,14.082822
-0.229842,14.084773
-0.229903,14.086724
-0.229965,14.088674
-0.230026,14.090625
-0.230087,14.092575
-0.230149,14.094526
-0.230210,14.096476
-0.230272,14.098427
-0.230333,14.100377
-0.230395,14.102327
-0.230456,14.104277
-0.230517,14.106227
-0.230579,14.108177
-0.230640,14.110127
-0.230702,14.112077
-0.230763,14.114026
-0.230825,14.115976
-0.230886,14.117926
-0.230948,14.119875
-0.231009,14.121825
-0.231071,14.123774
-0.231132,14.125723
-0.231194,14.127673
-0.231255,14.129622
-0.231317,14.131571
-0.231379,14.133520
-0.231440,14.135469
-0.231502,14.137418
-0.231563,14.139367
-0.231625,14.141315
-0.231686,14.143264
-0.231748,14.145213
-0.231810,14.147161
-0.231871,14.149109
-0.231933,14.151058
-0.231994,14.153006
-0.232056,14.154954
-0.232118,14.156903
-0.232179,14.158851
-0.232241,14.160799
-0.232303,14.162747
-0.232364,14.164694
-0.232426,14.166642
-0.232488,14.168590
-0.232549,14.170538
-0.232611,14.172485
-0.232673,14.174433
-0.232734,14.176380
-0.232796,14.178328
-0.232858,14.180275
-0.232920,14.182222
-0.232981,14.184169
-0.233043,14.186116
-0.233105,14.188063
-0.233167,14.190010
-0.233228,14.191957
-0.233290,14.193904
-0.233352,14.195851
-0.233414,14.197797
-0.233475,14.199744
-0.233537,14.201691
-0.233599,14.203637
-0.233661,14.205583
-0.233723,14.207530
-0.233785,14.209476
-0.233846,14.211422
-0.233908,14.213368
-0.233970,14.215314
-0.234032,14.217260
-0.234094,14.219206
-0.234156,14.221152
-0.234218,14.223098
-0.234279,14.225043
-0.234341,14.226989
-0.234403,14.228934
-0.234465,14.230880
-0.234527,14.232825
-0.234589,14.234770
-0.234651,14.236716
-0.234713,14.238661
-0.234775,14.240606
-0.234837,14.242551
-0.234899,14.244496
-0.234961,14.246441
-0.235023,14.248386
-0.235085,14.250330
-0.235147,14.252275
-0.235209,14.254220
-0.235271,14.256164
-0.235333,14.258108
-0.235395,14.260053
-0.235457,14.261997
-0.235519,14.263941
-0.235581,14.265886
-0.235643,14.267830
-0.235705,14.269774
-0.235767,14.271718
-0.235829,14.273661
-0.235891,14.275605
-0.235953,14.277549
-0.236015,14.279493
-0.236077,14.281436
-0.236139,14.283380
-0.236201,14.285323
-0.236263,14.287267
-0.236326,14.289210
-0.236388,14.291153
-0.236450,14.293096
-0.236512,14.295039
-0.236574,14.296982
-0.236636,14.298925
-0.236698,14.300868
-0.236761,14.302811
-0.236823,14.304754
-0.236885,14.306696
-0.236947,14.308639
-0.237009,14.310581
-0.237072,14.312524
-0.237134,14.314466
-0.237196,14.316409
-0.237258,14.318351
-0.237320,14.320293
-0.237383,14.322235
-0.237445,14.324177
-0.237507,14.326119
-0.237569,14.328061
-0.237632,14.330003
-0.237694,14.331944
-0.237756,14.333886
-0.237819,14.335828
-0.237881,14.337769
-0.237943,14.339711
-0.238005,14.341652
-0.238068,14.343593
-0.238130,14.345534
-0.238192,14.347476
-0.238255,14.349417
-0.238317,14.351358
-0.238379,14.353299
-0.238442,14.355240
-0.238504,14.357180
-0.238567,14.359121
-0.238629,14.361062
-0.238691,14.363002
-0.238754,14.364943
-0.238816,14.366883
-0.238878,14.368824
-0.238941,14.370764
-0.239003,14.372704
-0.239066,14.374644
-0.239128,14.376584
-0.239191,14.378524
-0.239253,14.380464
-0.239316,14.382404
-0.239378,14.384344
-0.239440,14.386284
-0.239503,14.388223
-0.239565,14.390163
-0.239628,14.392103
-0.239690,14.394042
-0.239753,14.395981
-0.239815,14.397921
-0.239878,14.399860
-0.239941,14.401799
-0.240003,14.403738
-0.240066,14.405677
-0.240128,14.407616
-0.240191,14.409555
-0.240253,14.411494
-0.240316,14.413432
-0.240378,14.415371
-0.240441,14.417310
-0.240504,14.419248
-0.240566,14.421187
-0.240629,14.423125
-0.240691,14.425063
-0.240754,14.427001
-0.240817,14.428940
-0.240879,14.430878
-0.240942,14.432816
-0.241005,14.434754
-0.241067,14.436692
-0.241130,14.438629
-0.241193,14.440567
-0.241255,14.442505
-0.241318,14.444442
-0.241381,14.446380
-0.241443,14.448317
-0.241506,14.450255
-0.241569,14.452192
-0.241631,14.454129
-0.241694,14.456066
-0.241757,14.458003
-0.241820,14.459940
-0.241882,14.461877
-0.241945,14.463814
-0.242008,14.465751
-0.242071,14.467688
-0.242133,14.469624
-0.242196,14.471561
-0.242259,14.473497
-0.242322,14.475434
-0.242385,14.477370
-0.242447,14.479306
-0.242510,14.481243
-0.242573,14.483179
-0.242636,14.485115
-0.242699,14.487051
-0.242762,14.488987
-0.242824,14.490923
-0.242887,14.492859
-0.242950,14.494794
-0.243013,14.496730
-0.243076,14.498665
-0.243139,14.500601
-0.243202,14.502536
-0.243265,14.504472
-0.243328,14.506407
-0.243390,14.508342
-0.243453,14.510277
-0.243516,14.512213
-0.243579,14.514148
-0.243642,14.516082
-0.243705,14.518017
-0.243768,14.519952
-0.243831,14.521887
-0.243894,14.523821
-0.243957,14.525756
-0.244020,14.527691
-0.244083,14.529625
-0.244146,14.531559
-0.244209,14.533494
-0.244272,14.535428
-0.244335,14.537362
-0.244398,14.539296
-0.244461,14.541230
-0.244524,14.543164
-0.244587,14.545098
-0.244650,14.547032
-0.244713,14.548965
-0.244776,14.550899
-0.244839,14.552833
-0.244903,14.554766
-0.244966,14.556700
-0.245029,14.558633
-0.245092,14.560566
-0.245155,14.562499
-0.245218,14.564433
-0.245281,14.566366
-0.245344,14.568299
-0.245407,14.570232
-0.245471,14.572164
-0.245534,14.574097
-0.245597,14.576030
-0.245660,14.577963
-0.245723,14.579895
-0.245786,14.581828
-0.245850,14.583760
-0.245913,14.585692
-0.245976,14.587625
-0.246039,14.589557
-0.246102,14.591489
-0.246166,14.593421
-0.246229,14.595353
-0.246292,14.597285
-0.246355,14.599217
-0.246419,14.601149
-0.246482,14.603080
-0.246545,14.605012
-0.246608,14.606944
-0.246672,14.608875
-0.246735,14.610807
-0.246798,14.612738
-0.246862,14.614669
-0.246925,14.616600
-0.246988,14.618532
-0.247052,14.620463
-0.247115,14.622394
-0.247178,14.624325
-0.247242,14.626255
-0.247305,14.628186
-0.247368,14.630117
-0.247432,14.632048
-0.247495,14.633978
-0.247558,14.635909
-0.247622,14.637839
-0.247685,14.639769
-0.247749,14.641700
-0.247812,14.643630
-0.247875,14.645560
-0.247939,14.647490
-0.248002,14.649420
-0.248066,14.651350
-0.248129,14.653280
-0.248193,14.655210
-0.248256,14.657139
-0.248320,14.659069
-0.248383,14.660999
-0.248446,14.662928
-0.248510,14.664857
-0.248573,14.666787
-0.248637,14.668716
-0.248700,14.670645
-0.248764,14.672574
-0.248827,14.674504
-0.248891,14.676432
-0.248955,14.678361
-0.249018,14.680290
-0.249082,14.682219
-0.249145,14.684148
-0.249209,14.686076
-0.249272,14.688005
-0.249336,14.689933
-0.249399,14.691862
-0.249463,14.693790
-0.249527,14.695719
-0.249590,14.697647
-0.249654,14.699575
-0.249717,14.701503
-0.249781,14.703431
-0.249845,14.705359
-0.249908,14.707287
-0.249972,14.709214
-0.250036,14.711142
-0.250099,14.713070
-0.250163,14.714997
-0.250227,14.716925
-0.250290,14.718852
-0.250354,14.720780
-0.250418,14.722707
-0.250481,14.724634
-0.250545,14.726561
-0.250609,14.728488
-0.250673,14.730415
-0.250736,14.732342
-0.250800,14.734269
-0.250864,14.736196
-0.250928,14.738123
-0.250991,14.740049
-0.251055,14.741976
-0.251119,14.743902
-0.251183,14.745829
-0.251246,14.747755
-0.251310,14.749681
-0.251374,14.751607
-0.251438,14.753534
-0.251502,14.755460
-0.251565,14.757386
-0.251629,14.759312
-0.251693,14.761237
-0.251757,14.763163
-0.251821,14.765089
-0.251885,14.767014
-0.251949,14.768940
-0.252012,14.770866
-0.252076,14.772791
-0.252140,14.774716
-0.252204,14.776642
-0.252268,14.778567
-0.252332,14.780492
-0.252396,14.782417
-0.252460,14.784342
-0.252524,14.786267
-0.252588,14.788192
-0.252651,14.790116
-0.252715,14.792041
-0.252779,14.793966
-0.252843,14.795890
-0.252907,14.797815
-0.252971,14.799739
-0.253035,14.801664
-0.253099,14.803588
-0.253163,14.805512
-0.253227,14.807436
-0.253291,14.809360
-0.253355,14.811284
-0.253419,14.813208
-0.253483,14.815132
-0.253547,14.817056
-0.253611,14.818979
-0.253675,14.820903
-0.253739,14.822827
-0.253804,14.824750
-0.253868,14.826674
-0.253932,14.828597
-0.253996,14.830520
-0.254060,14.832443
-0.254124,14.834366
-0.254188,14.836289
-0.254252,14.838212
-0.254316,14.840135
-0.254380,14.842058
-0.254445,14.843981
-0.254509,14.845904
-0.254573,14.847826
-0.254637,14.849749
-0.254701,14.851671
-0.254765,14.853594
-0.254830,14.855516
-0.254894,14.857438
-0.254958,14.859361
-0.255022,14.861283
-0.255086,14.863205
-0.255151,14.865127
-0.255215,14.867049
-0.255279,14.868970
-0.255343,14.870892
-0.255407,14.872814
-0.255472,14.874736
-0.255536,14.876657
-0.255600,14.878579
-0.255664,14.880500
-0.255729,14.882421
-0.255793,14.884343
-0.255857,14.886264
-0.255922,14.888185
-0.255986,14.890106
-0.256050,14.892027
-0.256115,14.893948
-0.256179,14.895869
-0.256243,14.897789
-0.256307,14.899710
-0.256372,14.901631
-0.256436,14.903551
-0.256501,14.905472
-0.256565,14.907392
-0.256629,14.909312
-0.256694,14.911233
-0.256758,14.913153
-0.256822,14.915073
-0.256887,14.916993
-0.256951,14.918913
-0.257016,14.920833
-0.257080,14.922753
-0.257144,14.924672
-0.257209,14.926592
-0.257273,14.928512
-0.257338,14.930431
-0.257402,14.932351
-0.257467,14.934270
-0.257531,14.936190
-0.257596,14.938109
-0.257660,14.940028
-0.257725,14.941947
-0.257789,14.943866
-0.257854,14.945785
-0.257918,14.947704
-0.257983,14.949623
-0.258047,14.951542
-0.258112,14.953460
-0.258176,14.955379
-0.258241,14.957297
-0.258305,14.959216
-0.258370,14.961134
-0.258434,14.963053
-0.258499,14.964971
-0.258564,14.966889
-0.258628,14.968807
-0.258693,14.970725
-0.258757,14.972643
-0.258822,14.974561
-0.258887,14.976479
-0.258951,14.978397
-0.259016,14.980314
-0.259080,14.982232
-0.259145,14.984149
-0.259210,14.986067
-0.259274,14.987984
-0.259339,14.989902
-0.259404,14.991819
-0.259468,14.993736
-0.259533,14.995653
-0.259598,14.997570
-0.259663,14.999487
-0.259727,15.001404
-0.259792,15.003321
-0.259857,15.005238
-0.259921,15.007154
-0.259986,15.009071
-0.260051,15.010987
-0.260116,15.012904
-0.260180,15.014820
-0.260245,15.016737
-0.260310,15.018653
-0.260375,15.020569
-0.260439,15.022485
-0.260504,15.024401
-0.260569,15.026317
-0.260634,15.028233
-0.260699,15.030149
-0.260763,15.032065
-0.260828,15.033980
-0.260893,15.035896
-0.260958,15.037811
-0.261023,15.039727
-0.261088,15.041642
-0.261152,15.043558
-0.261217,15.045473
-0.261282,15.047388
-0.261347,15.049303
-0.261412,15.051218
-0.261477,15.053133
-0.261542,15.055048
-0.261607,15.056963
-0.261672,15.058878
-0.261736,15.060792
-0.261801,15.062707
-0.261866,15.064621
-0.261931,15.066536
-0.261996,15.068450
-0.262061,15.070365
-0.262126,15.072279
-0.262191,15.074193
-0.262256,15.076107
-0.262321,15.078021
-0.262386,15.079935
-0.262451,15.081849
-0.262516,15.083763
-0.262581,15.085676
-0.262646,15.087590
-0.262711,15.089504
-0.262776,15.091417
-0.262841,15.093331
-0.262906,15.095244
-0.262971,15.097157
-0.263036,15.099071
-0.263101,15.100984
-0.263166,15.102897
-0.263231,15.104810
-0.263297,15.106723
-0.263362,15.108636
-0.263427,15.110549
-0.263492,15.112461
-0.263557,15.114374
-0.263622,15.116287
-0.263687,15.118199
-0.263752,15.120112
-0.263817,15.122024
-0.263883,15.123936
-0.263948,15.125848
-0.264013,15.127761
-0.264078,15.129673
-0.264143,15.131585
-0.264208,15.133497
-0.264274,15.135409
-0.264339,15.137320
-0.264404,15.139232
-0.264469,15.141144
-0.264534,15.143055
-0.264600,15.144967
-0.264665,15.146878
-0.264730,15.148790
-0.264795,15.150701
-0.264861,15.152612
-0.264926,15.154523
-0.264991,15.156434
-0.265056,15.158346
-0.265122,15.160256
-0.265187,15.162167
-0.265252,15.164078
-0.265318,15.165989
-0.265383,15.167900
-0.265448,15.169810
-0.265514,15.171721
-0.265579,15.173631
-0.265644,15.175541
-0.265710,15.177452
-0.265775,15.179362
-0.265840,15.181272
-0.265906,15.183182
-0.265971,15.185092
-0.266036,15.187002
-0.266102,15.188912
-0.266167,15.190822
-0.266232,15.192732
-0.266298,15.194641
-0.266363,15.196551
-0.266429,15.198460
-0.266494,15.200370
-0.266560,15.202279
-0.266625,15.204188
-0.266690,15.206098
-0.266756,15.208007
-0.266821,15.209916
-0.266887,15.211825
-0.266952,15.213734
-0.267018,15.215643
-0.267083,15.217552
-0.267149,15.219460
-0.267214,15.221369
-0.267280,15.223277
-0.267345,15.225186
-0.267411,15.227094
-0.267476,15.229003
-0.267542,15.230911
-0.267607,15.232819
-0.267673,15.234727
-0.267738,15.236636
-0.267804,15.238544
-0.267870,15.240451
-0.267935,15.242359
-0.268001,15.244267
-0.268066,15.246175
-0.268132,15.248082
-0.268198,15.249990
-0.268263,15.251898
-0.268329,15.253805
-0.268394,15.255712
-0.268460,15.257620
-0.268526,15.259527
-0.268591,15.261434
-0.268657,15.263341
-0.268723,15.265248
-0.268788,15.267155
-0.268854,15.269062
-0.268920,15.270969
-0.268985,15.272875
-0.269051,15.274782
-0.269117,15.276689
-0.269182,15.278595
-0.269248,15.280502
-0.269314,15.282408
-0.269380,15.284314
-0.269445,15.286220
-0.269511,15.288127
-0.269577,15.290033
-0.269642,15.291939
-0.269708,15.293845
-0.269774,15.295750
-0.269840,15.297656
-0.269906,15.299562
-0.269971,15.301468
-0.270037,15.303373
-0.270103,15.305279
-0.270169,15.307184
-0.270235,15.309089
-0.270300,15.310995
-0.270366,15.312900
-0.270432,15.314805
-0.270498,15.316710
-0.270564,15.318615
-0.270630,15.320520
-0.270695,15.322425
-0.270761,15.324330
-0.270827,15.326234
-0.270893,15.328139
-0.270959,15.330044
-0.271025,15.331948
-0.271091,15.333852
-0.271157,15.335757
-0.271223,15.337661
-0.271288,15.339565
-0.271354,15.341469
-0.271420,15.343374
-0.271486,15.345277
-0.271552,15.347181
-0.271618,15.349085
-0.271684,15.350989
-0.271750,15.352893
-0.271816,15.354796
-0.271882,15.356700
-0.271948,15.358603
-0.272014,15.360507
-0.272080,15.362410
-0.272146,15.364313
-0.272212,15.366217
-0.272278,15.368120
-0.272344,15.370023
-0.272410,15.371926
-0.272476,15.373829
-0.272542,15.375732
-0.272608,15.377634
-0.272674,15.379537
-0.272741,15.381440
-0.272807,15.383342
-0.272873,15.385245
-0.272939,15.387147
-0.273005,15.389050
-0.273071,15.390952
-0.273137,15.392854
-0.273203,15.394756
-0.273269,15.396658
-0.273335,15.398560
-0.273402,15.400462
-0.273468,15.402364
-0.273534,15.404266
-0.273600,15.406167
-0.273666,15.408069
-0.273732,15.409971
-0.273799,15.411872
-0.273865,15.413773
-0.273931,15.415675
-0.273997,15.417576
-0.274063,15.419477
-0.274130,15.421378
-0.274196,15.423279
-0.274262,15.425180
-0.274328,15.427081
-0.274395,15.428982
-0.274461,15.430883
-0.274527,15.432784
-0.274593,15.434684
-0.274660,15.436585
-0.274726,15.438485
-0.274792,15.440386
-0.274858,15.442286
-0.274925,15.444186
-0.274991,15.446086
-0.275057,15.447987
-0.275124,15.449887
-0.275190,15.451787
-0.275256,15.453687
-0.275323,15.455586
-0.275389,15.457486
-0.275455,15.459386
-0.275522,15.461285
-0.275588,15.463185
-0.275655,15.465084
-0.275721,15.466984
-0.275787,15.468883
-0.275854,15.470782
-0.275920,15.472682
-0.275987,15.474581
-0.276053,15.476480
-0.276119,15.478379
-0.276186,15.480278
-0.276252,15.482176
-0.276319,15.484075
-0.276385,15.485974
-0.276452,15.487873
-0.276518,15.489771
-0.276584,15.491670
-0.276651,15.493568
-0.276717,15.495466
-0.276784,15.497364
-0.276850,15.499263
-0.276917,15.501161
-0.276983,15.503059
-0.277050,15.504957
-0.277116,15.506855
-0.277183,15.508753
-0.277250,15.510650
-0.277316,15.512548
-0.277383,15.514446
-0.277449,15.516343
-0.277516,15.518241
-0.277582,15.520138
-0.277649,15.522035
-0.277716,15.523933
-0.277782,15.525830
-0.277849,15.527727
-0.277915,15.529624
-0.277982,15.531521
-0.278049,15.533418
-0.278115,15.535315
-0.278182,15.537211
-0.278248,15.539108
-0.278315,15.541005
-0.278382,15.542901
-0.278448,15.544798
-0.278515,15.546694
-0.278582,15.548590
-0.278648,15.550486
-0.278715,15.552383
-0.278782,15.554279
-0.278849,15.556175
-0.278915,15.558071
-0.278982,15.559967
-0.279049,15.561862
-0.279115,15.563758
-0.279182,15.565654
-0.279249,15.567549
-0.279316,15.569445
-0.279382,15.571340
-0.279449,15.573236
-0.279516,15.575131
-0.279583,15.577026
-0.279649,15.578922
-0.279716,15.580817
-0.279783,15.582712
-0.279850,15.584607
-0.279917,15.586502
-0.279983,15.588396
-0.280050,15.590291
-0.280117,15.592186
-0.280184,15.594080
-0.280251,15.595975
-0.280318,15.597869
-0.280385,15.599764
-0.280451,15.601658
-0.280518,15.603552
-0.280585,15.605446
-0.280652,15.607340
-0.280719,15.609235
-0.280786,15.611128
-0.280853,15.613022
-0.280920,15.614916
-0.280987,15.616810
-0.281053,15.618704
-0.281120,15.620597
-0.281187,15.622491
-0.281254,15.624384
-0.281321,15.626277
-0.281388,15.628171
-0.281455,15.630064
-0.281522,15.631957
-0.281589,15.633850
-0.281656,15.635743
-0.281723,15.637636
-0.281790,15.639529
-0.281857,15.641422
-0.281924,15.643315
-0.281991,15.645207
-0.282058,15.647100
-0.282125,15.648992
-0.282192,15.650885
-0.282259,15.652777
-0.282326,15.654669
-0.282393,15.656562
-0.282460,15.658454
-0.282528,15.660346
-0.282595,15.662238
-0.282662,15.664130
-0.282729,15.666022
-0.282796,15.667914
-0.282863,15.669805
-0.282930,15.671697
-0.282997,15.673589
-0.283064,15.675480
-0.283132,15.677371
-0.283199,15.679263
-0.283266,15.681154
-0.283333,15.683045
-0.283400,15.684936
-0.283467,15.686828
-0.283534,15.688719
-0.283602,15.690610
-0.283669,15.692500
-0.283736,15.694391
-0.283803,15.696282
-0.283870,15.698173
-0.283938,15.700063
-0.284005,15.701954
-0.284072,15.703844
-0.284139,15.705734
-0.284207,15.707625
-0.284274,15.709515
-0.284341,15.711405
-0.284408,15.713295
-0.284476,15.715185
-0.284543,15.717075
-0.284610,15.718965
-0.284678,15.720855
-0.284745,15.722744
-0.284812,15.724634
-0.284879,15.726524
-0.284947,15.728413
-0.285014,15.730303
-0.285081,15.732192
-0.285149,15.734081
-0.285216,15.735970
-0.285283,15.737860
-0.285351,15.739749
-0.285418,15.741638
-0.285486,15.743527
-0.285553,15.745415
-0.285620,15.747304
-0.285688,15.749193
-0.285755,15.751082
-0.285823,15.752970
-0.285890,15.754859
-0.285957,15.756747
-0.286025,15.758635
-0.286092,15.760524
-0.286160,15.762412
-0.286227,15.764300
-0.286295,15.766188
-0.286362,15.768076
-0.286429,15.769964
-0.286497,15.771852
-0.286564,15.773740
-0.286632,15.775627
-0.286699,15.777515
-0.286767,15.779402
-0.286834,15.781290
-0.286902,15.783177
-0.286969,15.785065
-0.287037,15.786952
-0.287105,15.788839
-0.287172,15.790726
-0.287240,15.792613
-0.287307,15.794500
-0.287375,15.796387
-0.287442,15.798274
-0.287510,15.800161
-0.287577,15.802048
-0.287645,15.803934
-0.287713,15.805821
-0.287780,15.807707
-0.287848,15.809594
-0.287915,15.811480
-0.287983,15.813366
-0.288051,15.815252
-0.288118,15.817139
-0.288186,15.819025
-0.288254,15.820911
-0.288321,15.822797
-0.288389,15.824682
-0.288457,15.826568
-0.288524,15.828454
-0.288592,15.830339
-0.288660,15.832225
-0.288727,15.834110
-0.288795,15.835996
-0.288863,15.837881
-0.288930,15.839766
-0.288998,15.841652
-0.289066,15.843537
-0.289134,15.845422
-0.289201,15.847307
-0.289269,15.849192
-0.289337,15.851077
-0.289405,15.852961
-0.289472,15.854846
-0.289540,15.856731
-0.289608,15.858615
-0.289676,15.860500
-0.289744,15.862384
-0.289811,15.864268
-0.289879,15.866153
-0.289947,15.868037
-0.290015,15.869921
-0.290083,15.871805
-0.290151,15.873689
-0.290218,15.875573
-0.290286,15.877457
-0.290354,15.879340
-0.290422,15.881224
-0.290490,15.883108
-0.290558,15.884991
-0.290626,15.886875
-0.290693,15.888758
-0.290761,15.890641
-0.290829,15.892525
-0.290897,15.894408
-0.290965,15.896291
-0.291033,15.898174
-0.291101,15.900057
-0.291169,15.901940
-0.291237,15.903823
-0.291305,15.905705
-0.291373,15.907588
-0.291441,15.909471
-0.291509,15.911353
-0.291577,15.913236
-0.291645,15.915118
-0.291713,15.917000
-0.291781,15.918883
-0.291849,15.920765
-0.291917,15.922647
-0.291985,15.924529
-0.292053,15.926411
-0.292121,15.928293
-0.292189,15.930175
-0.292257,15.932056
-0.292325,15.933938
-0.292393,15.935820
-0.292461,15.937701
-0.292529,15.939583
-0.292597,15.941464
-0.292665,15.943345
-0.292733,15.945227
-0.292801,15.947108
-0.292870,15.948989
-0.292938,15.950870
-0.293006,15.952751
-0.293074,15.954632
-0.293142,15.956513
-0.293210,15.958393
-0.293278,15.960274
-0.293347,15.962155
-0.293415,15.964035
-0.293483,15.965916
-0.293551,15.967796
-0.293619,15.969676
-0.293687,15.971556
-0.293756,15.973437
-0.293824,15.975317
-0.293892,15.977197
-0.293960,15.979077
-0.294028,15.980957
-0.294097,15.982836
-0.294165,15.984716
-0.294233,15.986596
-0.294301,15.988475
-0.294370,15.990355
-0.294438,15.992234
-0.294506,15.994114
-0.294574,15.995993
-0.294643,15.997872
-0.294711,15.999751
-0.294779,16.001630
-0.294848,16.003509
-0.294916,16.005388
-0.294984,16.007267
-0.295053,16.009146
-0.295121,16.011025
-0.295189,16.012903
-0.295258,16.014782
-0.295326,16.016661
-0.295394,16.018539
-0.295463,16.020417
-0.295531,16.022296
-0.295599,16.024174
-0.295668,16.026052
-0.295736,16.027930
-0.295804,16.029808
-0.295873,16.031686
-0.295941,16.033564
-0.296010,16.035442
-0.296078,16.037319
-0.296147,16.039197
-0.296215,16.041075
-0.296283,16.042952
-0.296352,16.044830
-0.296420,16.046707
-0.296489,16.048584
-0.296557,16.050461
-0.296626,16.052339
-0.296694,16.054216
-0.296763,16.056093
-0.296831,16.057970
-0.296900,16.059846
-0.296968,16.061723
-0.297037,16.063600
-0.297105,16.065477
-0.297174,16.067353
-0.297242,16.069230
-0.297311,16.071106
-0.297379,16.072982
-0.297448,16.074859
-0.297517,16.076735
-0.297585,16.078611
-0.297654,16.080487
-0.297722,16.082363
-0.297791,16.084239
-0.297859,16.086115
-0.297928,16.087991
-0.297997,16.089866
-0.298065,16.091742
-0.298134,16.093618
-0.298203,16.095493
-0.298271,16.097369
-0.298340,16.099244
-0.298408,16.101119
-0.298477,16.102994
-0.298546,16.104869
-0.298614,16.106745
-0.298683,16.108620
-0.298752,16.110494
-0.298820,16.112369
-0.298889,16.114244
-0.298958,16.116119
-0.299027,16.117993
-0.299095,16.119868
-0.299164,16.121742
-0.299233,16.123617
-0.299301,16.125491
-0.299370,16.127365
-0.299439,16.129240
-0.299508,16.131114
-0.299577,16.132988
-0.299645,16.134862
-0.299714,16.136736
-0.299783,16.138610
-0.299852,16.140483
-0.299920,16.142357
-0.299989,16.144231
-0.300058,16.146104
-0.300127,16.147978
-0.300196,16.149851
-0.300264,16.151724
-0.300333,16.153598
-0.300402,16.155471
-0.300471,16.157344
-0.300540,16.159217
-0.300609,16.161090
-0.300678,16.162963
-0.300746,16.164836
-0.300815,16.166709
-0.300884,16.168581
-0.300953,16.170454
-0.301022,16.172326
-0.301091,16.174199
-0.301160,16.176071
-0.301229,16.177944
-0.301298,16.179816
-0.301367,16.181688
-0.301436,16.183560
-0.301505,16.185432
-0.301574,16.187304
-0.301642,16.189176
-0.301711,16.191048
-0.301780,16.192920
-0.301849,16.194791
-0.301918,16.196663
-0.301987,16.198534
-0.302056,16.200406
-0.302125,16.202277
-0.302194,16.204149
-0.302263,16.206020
-0.302332,16.207891
-0.302401,16.209762
-0.302471,16.211633
-0.302540,16.213504
-0.302609,16.215375
-0.302678,16.217246
-0.302747,16.219117
-0.302816,16.220987
-0.302885,16.222858
-0.302954,16.224729
-0.303023,16.226599
-0.303092,16.228469
-0.303161,16.230340
-0.303230,16.232210
-0.303300,16.234080
-0.303369,16.235950
-0.303438,16.237820
-0.303507,16.239690
-0.303576,16.241560
-0.303645,16.243430
-0.303714,16.245300
-0.303784,16.247169
-0.303853,16.249039
-0.303922,16.250908
-0.303991,16.252778
-0.304060,16.254647
-0.304130,16.256517
-0.304199,16.258386
-0.304268,16.260255
-0.304337,16.262124
-0.304406,16.263993
-0.304476,16.265862
-0.304545,16.267731
-0.304614,16.269600
-0.304683,16.271468
-0.304753,16.273337
-0.304822,16.275206
-0.304891,16.277074
-0.304960,16.278943
-0.305030,16.280811
-0.305099,16.282679
-0.305168,16.284548
-0.305238,16.286416
-0.305307,16.288284
-0.305376,16.290152
-0.305446,16.292020
-0.305515,16.293888
-0.305584,16.295755
-0.305654,16.297623
-0.305723,16.299491
-0.305792,16.301358
-0.305862,16.303226
-0.305931,16.305093
-0.306000,16.306961
-0.306070,16.308828
-0.306139,16.310695
-0.306209,16.312562
-0.306278,16.314430
-0.306347,16.316297
-0.306417,16.318163
-0.306486,16.320030
-0.306556,16.321897
-0.306625,16.323764
-0.306695,16.325631
-0.306764,16.327497
-0.306834,16.329364
-0.306903,16.331230
-0.306972,16.333096
-0.307042,16.334963
-0.307111,16.336829
-0.307181,16.338695
-0.307250,16.340561
-0.307320,16.342427
-0.307389,16.344293
-0.307459,16.346159
-0.307529,16.348025
-0.307598,16.349890
-0.307668,16.351756
-0.307737,16.353622
-0.307807,16.355487
-0.307876,16.357353
-0.307946,16.359218
-0.308015,16.361083
-0.308085,16.362948
-0.308155,16.364814
-0.308224,16.366679
-0.308294,16.368544
-0.308363,16.370409
-0.308433,16.372273
-0.308503,16.374138
-0.308572,16.376003
-0.308642,16.377868
-0.308711,16.379732
-0.308781,16.381597
-0.308851,16.383461
-0.308920,16.385325
-0.308990,16.387190
-0.309060,16.389054
-0.309129,16.390918
-0.309199,16.392782
-0.309269,16.394646
-0.309339,16.396510
-0.309408,16.398374
-0.309478,16.400238
-0.309548,16.402101
-0.309617,16.403965
-0.309687,16.405828
-0.309757,16.407692
-0.309827,16.409555
-0.309896,16.411419
-0.309966,16.413282
-0.310036,16.415145
-0.310106,16.417008
-0.310175,16.418871
-0.310245,16.420734
-0.310315,16.422597
-0.310385,16.424460
-0.310455,16.426323
-0.310524,16.428186
-0.310594,16.430048
-0.310664,16.431911
-0.310734,16.433773
-0.310804,16.435636
-0.310874,16.437498
-0.310943,16.439360
-0.311013,16.441222
-0.311083,16.443084
-0.311153,16.444947
-0.311223,16.446808
-0.311293,16.448670
-0.311363,16.450532
-0.311433,16.452394
-0.311502,16.454256
-0.311572,16.456117
-0.311642,16.457979
-0.311712,16.459840
-0.311782,16.461702
-0.311852,16.463563
-0.311922,16.465424
-0.311992,16.467285
-0.312062,16.469147
-0.312132,16.471008
-0.312202,16.472869
-0.312272,16.474729
-0.312342,16.476590
-0.312412,16.478451
-0.312482,16.480312
-0.312552,16.482172
-0.312622,16.484033
-0.312692,16.485893
-0.312762,16.487754
-0.312832,16.489614
-0.312902,16.491474
-0.312972,16.493334
-0.313042,16.495195
-0.313112,16.497055
-0.313182,16.498915
-0.313252,16.500774
-0.313322,16.502634
-0.313392,16.504494
-0.313462,16.506354
-0.313532,16.508213
-0.313603,16.510073
-0.313673,16.511932
-0.313743,16.513792
-0.313813,16.515651
-0.313883,16.517510
-0.313953,16.519369
-0.314023,16.521228
-0.314093,16.523088
-0.314164,16.524946
-0.314234,16.526805
-0.314304,16.528664
-0.314374,16.530523
-0.314444,16.532382
-0.314514,16.534240
-0.314585,16.536099
-0.314655,16.537957
-0.314725,16.539815
-0.314795,16.541674
-0.314865,16.543532
-0.314936,16.545390
-0.315006,16.547248
-0.315076,16.549106
-0.315146,16.550964
-0.315217,16.552822
-0.315287,16.554680
-0.315357,16.556538
-0.315427,16.558395
-0.315498,16.560253
-0.315568,16.562110
-0.315638,16.563968
-0.315709,16.565825
-0.315779,16.567683
-0.315849,16.569540
-0.315920,16.571397
-0.315990,16.573254
-0.316060,16.575111
-0.316131,16.576968
-0.316201,16.578825
-0.316271,16.580682
-0.316342,16.582538
-0.316412,16.584395
-0.316482,16.586252
-0.316553,16.588108
-0.316623,16.589964
-0.316693,16.591821
-0.316764,16.593677
-0.316834,16.595533
-0.316905,16.597389
-0.316975,16.599246
-0.317046,16.601102
-0.317116,16.602957
-0.317186,16.604813
-0.317257,16.606669
-0.317327,16.608525
-0.317398,16.610381
-0.317468,16.612236
-0.317539,16.614092
-0.317609,16.615947
-0.317680,16.617802
-0.317750,16.619658
-0.317821,16.621513
-0.317891,16.623368
-0.317962,16.625223
-0.318032,16.627078
-0.318103,16.628933
-0.318173,16.630788
-0.318244,16.632643
-0.318314,16.634497
-0.318385,16.636352
-0.318455,16.638206
-0.318526,16.640061
-0.318596,16.641915
-0.318667,16.643770
-0.318738,16.645624
-0.318808,16.647478
-0.318879,16.649332
-0.318949,16.651186
-0.319020,16.653040
-0.319091,16.654894
-0.319161,16.656748
-0.319232,16.658602
-0.319302,16.660456
-0.319373,16.662309
-0.319444,16.664163
-0.319514,16.666016
-0.319585,16.667870
-0.319656,16.669723
-0.319726,16.671576
-0.319797,16.673430
-0.319868,16.675283
-0.319938,16.677136
-0.320009,16.678989
-0.320080,16.680842
-0.320151,16.682694
-0.320221,16.684547
-0.320292,16.686400
-0.320363,16.688252
-0.320433,16.690105
-0.320504,16.691957
-0.320575,16.693810
-0.320646,16.695662
-0.320716,16.697514
-0.320787,16.699367
-0.320858,16.701219
-0.320929,16.703071
-0.321000,16.704923
-0.321070,16.706775
-0.321141,16.708627
-0.321212,16.710478
-0.321283,16.712330
-0.321354,16.714182
-0.321424,16.716033
-0.321495,16.717885
-0.321566,16.719736
-0.321637,16.721587
-0.321708,16.723439
-0.321779,16.725290
-0.321850,16.727141
-0.321920,16.728992
-0.321991,16.730843
-0.322062,16.732694
-0.322133,16.734545
-0.322204,16.736395
-0.322275,16.738246
-0.322346,16.740097
-0.322417,16.741947
-0.322488,16.743798
-0.322559,16.745648
-0.322630,16.747498
-0.322700,16.749348
-0.322771,16.751199
-0.322842,16.753049
-0.322913,16.754899
-0.322984,16.756749
-0.323055,16.758599
-0.323126,16.760448
-0.323197,16.762298
-0.323268,16.764148
-0.323339,16.765997
-0.323410,16.767847
-0.323481,16.769696
-0.323552,16.771546
-0.323623,16.773395
-0.323694,16.775244
-0.323765,16.777093
-0.323836,16.778943
-0.323908,16.780792
-0.323979,16.782641
-0.324050,16.784489
-0.324121,16.786338
-0.324192,16.788187
-0.324263,16.790036
-0.324334,16.791884
-0.324405,16.793733
-0.324476,16.795581
-0.324547,16.797430
-0.324618,16.799278
-0.324690,16.801126
-0.324761,16.802974
-0.324832,16.804822
-0.324903,16.806670
-0.324974,16.808518
-0.325045,16.810366
-0.325116,16.812214
-0.325188,16.814062
-0.325259,16.815909
-0.325330,16.817757
-0.325401,16.819604
-0.325472,16.821452
-0.325544,16.823299
-0.325615,16.825146
-0.325686,16.826994
-0.325757,16.828841
-0.325828,16.830688
-0.325900,16.832535
-0.325971,16.834382
-0.326042,16.836229
-0.326113,16.838075
-0.326185,16.839922
-0.326256,16.841769
-0.326327,16.843615
-0.326399,16.845462
-0.326470,16.847308
-0.326541,16.849155
-0.326612,16.851001
-0.326684,16.852847
-0.326755,16.854693
-0.326826,16.856539
-0.326898,16.858385
-0.326969,16.860231
-0.327040,16.862077
-0.327112,16.863923
-0.327183,16.865769
-0.327254,16.867614
-0.327326,16.869460
-0.327397,16.871305
-0.327469,16.873151
-0.327540,16.874996
-0.327611,16.876841
-0.327683,16.878687
-0.327754,16.880532
-0.327826,16.882377
-0.327897,16.884222
-0.327968,16.886067
-0.328040,16.887911
-0.328111,16.889756
-0.328183,16.891601
-0.328254,16.893446
-0.328326,16.895290
-0.328397,16.897135
-0.328469,16.898979
-0.328540,16.900823
-0.328612,16.902668
-0.328683,16.904512
-0.328755,16.906356
-0.328826,16.908200
-0.328898,16.910044
-0.328969,16.911888
-0.329041,16.913732
-0.329112,16.915575
-0.329184,16.917419
-0.329255,16.919263
-0.329327,16.921106
-0.329398,16.922950
-0.329470,16.924793
-0.329541,16.926636
-0.329613,16.928480
-0.329685,16.930323
-0.329756,16.932166
-0.329828,16.934009
-0.329899,16.935852
-0.329971,16.937695
-0.330043,16.939538
-0.330114,16.941380
-0.330186,16.943223
-0.330258,16.945066
-0.330329,16.946908
-0.330401,16.948751
-0.330472,16.950593
-0.330544,16.952435
-0.330616,16.954278
-0.330687,16.956120
-0.330759,16.957962
-0.330831,16.959804
-0.330903,16.961646
-0.330974,16.963488
-0.331046,16.965330
-0.331118,16.967171
-0.331189,16.969013
-0.331261,16.970855
-0.331333,16.972696
-0.331405,16.974538
-0.331476,16.976379
-0.331548,16.978220
-0.331620,16.980062
-0.331692,16.981903
-0.331763,16.983744
-0.331835,16.985585
-0.331907,16.987426
-0.331979,16.989267
-0.332050,16.991108
-0.332122,16.992948
-0.332194,16.994789
-0.332266,16.996630
-0.332338,16.998470
-0.332410,17.000310
-0.332481,17.002151
-0.332553,17.003991
-0.332625,17.005831
-0.332697,17.007672
-0.332769,17.009512
-0.332841,17.011352
-0.332913,17.013192
-0.332984,17.015031
-0.333056,17.016871
-0.333128,17.018711
-0.333200,17.020551
-0.333272,17.022390
-0.333344,17.024230
-0.333416,17.026069
-0.333488,17.027908
-0.333560,17.029748
-0.333632,17.031587
-0.333704,17.033426
-0.333775,17.035265
-0.333847,17.037104
-0.333919,17.038943
-0.333991,17.040782
-0.334063,17.042621
-0.334135,17.044460
-0.334207,17.046298
-0.334279,17.048137
-0.334351,17.049975
-0.334423,17.051814
-0.334495,17.053652
-0.334567,17.055490
-0.334639,17.057329
-0.334711,17.059167
-0.334783,17.061005
-0.334856,17.062843
-0.334928,17.064681
-0.335000,17.066518
-0.335072,17.068356
-0.335144,17.070194
-0.335216,17.072032
-0.335288,17.073869
-0.335360,17.075707
-0.335432,17.077544
-0.335504,17.079381
-0.335576,17.081219
-0.335648,17.083056
-0.335721,17.084893
-0.335793,17.086730
-0.335865,17.088567
-0.335937,17.090404
-0.336009,17.092241
-0.336081,17.094078
-0.336153,17.095914
-0.336226,17.097751
-0.336298,17.099587
-0.336370,17.101424
-0.336442,17.103260
-0.336514,17.105097
-0.336587,17.106933
-0.336659,17.108769
-0.336731,17.110605
-0.336803,17.112441
-0.336875,17.114277
-0.336948,17.116113
-0.337020,17.117949
-0.337092,17.119785
-0.337164,17.121620
-0.337237,17.123456
-0.337309,17.125292
-0.337381,17.127127
-0.337453,17.128963
-0.337526,17.130798
-0.337598,17.132633
-0.337670,17.134468
-0.337743,17.136303
-0.337815,17.138138
-0.337887,17.139973
-0.337960,17.141808
-0.338032,17.143643
-0.338104,17.145478
-0.338177,17.147313
-0.338249,17.149147
-0.338321,17.150982
-0.338394,17.152816
-0.338466,17.154651
-0.338538,17.156485
-0.338611,17.158319
-0.338683,17.160153
-0.338756,17.161987
-0.338828,17.163821
-0.338900,17.165655
-0.338973,17.167489
-0.339045,17.169323
-0.339118,17.171157
-0.339190,17.172990
-0.339263,17.174824
-0.339335,17.176658
-0.339407,17.178491
-0.339480,17.180324
-0.339552,17.182158
-0.339625,17.183991
-0.339697,17.185824
-0.339770,17.187657
-0.339842,17.189490
-0.339915,17.191323
-0.339987,17.193156
-0.340060,17.194989
-0.340132,17.196822
-0.340205,17.198654
-0.340277,17.200487
-0.340350,17.202319
-0.340422,17.204152
-0.340495,17.205984
-0.340568,17.207817
-0.340640,17.209649
-0.340713,17.211481
-0.340785,17.213313
-0.340858,17.215145
-0.340930,17.216977
-0.341003,17.218809
-0.341076,17.220641
-0.341148,17.222472
-0.341221,17.224304
-0.341293,17.226136
-0.341366,17.227967
-0.341439,17.229798
-0.341511,17.231630
-0.341584,17.233461
-0.341657,17.235292
-0.341729,17.237123
-0.341802,17.238955
-0.341875,17.240786
-0.341947,17.242616
-0.342020,17.244447
-0.342093,17.246278
-0.342165,17.248109
-0.342238,17.249939
-0.342311,17.251770
-0.342383,17.253601
-0.342456,17.255431
-0.342529,17.257261
-0.342602,17.259092
-0.342674,17.260922
-0.342747,17.262752
-0.342820,17.264582
-0.342893,17.266412
-0.342965,17.268242
-0.343038,17.270072
-0.343111,17.271902
-0.343184,17.273731
-0.343257,17.275561
-0.343329,17.277390
-0.343402,17.279220
-0.343475,17.281049
-0.343548,17.282879
-0.343621,17.284708
-0.343693,17.286537
-0.343766,17.288366
-0.343839,17.290195
-0.343912,17.292024
-0.343985,17.293853
-0.344058,17.295682
-0.344131,17.297511
-0.344203,17.299340
-0.344276,17.301168
-0.344349,17.302997
-0.344422,17.304825
-0.344495,17.306654
-0.344568,17.308482
-0.344641,17.310310
-0.344714,17.312138
-0.344787,17.313966
-0.344860,17.315794
-0.344933,17.317622
-0.345005,17.319450
-0.345078,17.321278
-0.345151,17.323106
-0.345224,17.324934
-0.345297,17.326761
-0.345370,17.328589
-0.345443,17.330416
-0.345516,17.332244
-0.345589,17.334071
-0.345662,17.335898
-0.345735,17.337725
-0.345808,17.339553
-0.345881,17.341380
-0.345954,17.343206
-0.346027,17.345033
-0.346100,17.346860
-0.346173,17.348687
-0.346247,17.350514
-0.346320,17.352340
-0.346393,17.354167
-0.346466,17.355993
-0.346539,17.357820
-0.346612,17.359646
-0.346685,17.361472
-0.346758,17.363298
-0.346831,17.365124
-0.346904,17.366950
-0.346977,17.368776
-0.347051,17.370602
-0.347124,17.372428
-0.347197,17.374254
-0.347270,17.376079
-0.347343,17.377905
-0.347416,17.379731
-0.347489,17.381556
-0.347563,17.383381
-0.347636,17.385207
-0.347709,17.387032
-0.347782,17.388857
-0.347855,17.390682
-0.347929,17.392507
-0.348002,17.394332
-0.348075,17.396157
-0.348148,17.397982
-0.348221,17.399807
-0.348295,17.401631
-0.348368,17.403456
-0.348441,17.405280
-0.348514,17.407105
-0.348588,17.408929
-0.348661,17.410753
-0.348734,17.412578
-0.348807,17.414402
-0.348881,17.416226
-0.348954,17.418050
-0.349027,17.419874
-0.349101,17.421698
-0.349174,17.423521
-0.349247,17.425345
-0.349321,17.427169
-0.349394,17.428992
-0.349467,17.430816
-0.349541,17.432639
-0.349614,17.434463
-0.349687,17.436286
-0.349761,17.438109
-0.349834,17.439932
-0.349907,17.441755
-0.349981,17.443578
-0.350054,17.445401
-0.350127,17.447224
-0.350201,17.449047
-0.350274,17.450870
-0.350348,17.452692
-0.350421,17.454515
-0.350495,17.456337
-0.350568,17.458160
-0.350641,17.459982
-0.350715,17.461804
-0.350788,17.463626
-0.350862,17.465449
-0.350935,17.467271
-0.351009,17.469093
-0.351082,17.470914
-0.351156,17.472736
-0.351229,17.474558
-0.351303,17.476380
-0.351376,17.478201
-0.351450,17.480023
-0.351523,17.481844
-0.351597,17.483666
-0.351670,17.485487
-0.351744,17.487308
-0.351817,17.489130
-0.351891,17.490951
-0.351964,17.492772
-0.352038,17.494593
-0.352111,17.496414
-0.352185,17.498234
-0.352259,17.500055
-0.352332,17.501876
-0.352406,17.503697
-0.352479,17.505517
-0.352553,17.507338
-0.352627,17.509158
-0.352700,17.510978
-0.352774,17.512799
-0.352847,17.514619
-0.352921,17.516439
-0.352995,17.518259
-0.353068,17.520079
-0.353142,17.521899
-0.353216,17.523718
-0.353289,17.525538
-0.353363,17.527358
-0.353437,17.529178
-0.353510,17.530997
-0.353584,17.532816
-0.353658,17.534636
-0.353731,17.536455
-0.353805,17.538274
-0.353879,17.540094
-0.353952,17.541913
-0.354026,17.543732
-0.354100,17.545551
-0.354174,17.547370
-0.354247,17.549188
-0.354321,17.551007
-0.354395,17.552826
-0.354469,17.554644
-0.354542,17.556463
-0.354616,17.558281
-0.354690,17.560100
-0.354764,17.561918
-0.354838,17.563736
-0.354911,17.565554
-0.354985,17.567372
-0.355059,17.569190
-0.355133,17.571008
-0.355207,17.572826
-0.355281,17.574644
-0.355354,17.576462
-0.355428,17.578279
-0.355502,17.580097
-0.355576,17.581915
-0.355650,17.583732
-0.355724,17.585549
-0.355798,17.587367
-0.355871,17.589184
-0.355945,17.591001
-0.356019,17.592818
-0.356093,17.594635
-0.356167,17.596452
-0.356241,17.598269
-0.356315,17.600086
-0.356389,17.601902
-0.356463,17.603719
-0.356537,17.605536
-0.356611,17.607352
-0.356685,17.609168
-0.356759,17.610985
-0.356832,17.612801
-0.356906,17.614617
-0.356980,17.616433
-0.357054,17.618249
-0.357128,17.620065
-0.357202,17.621881
-0.357276,17.623697
-0.357350,17.625513
-0.357424,17.627329
-0.357498,17.629144
-0.357573,17.630960
-0.357647,17.632775
-0.357721,17.634591
-0.357795,17.636406
-0.357869,17.638221
-0.357943,17.640037
-0.358017,17.641852
-0.358091,17.643667
-0.358165,17.645482
-0.358239,17.647297
-0.358313,17.649112
-0.358387,17.650926
-0.358461,17.652741
-0.358535,17.654556
-0.358610,17.656370
-0.358684,17.658185
-0.358758,17.659999
-0.358832,17.661813
-0.358906,17.663628
-0.358980,17.665442
-0.359054,17.667256
-0.359129,17.669070
-0.359203,17.670884
-0.359277,17.672698
-0.359351,17.674512
-0.359425,17.676325
-0.359499,17.678139
-0.359574,17.679953
-0.359648,17.681766
-0.359722,17.683580
-0.359796,17.685393
-0.359871,17.687206
-0.359945,17.689020
-0.360019,17.690833
-0.360093,17.692646
-0.360167,17.694459
-0.360242,17.696272
-0.360316,17.698085
-0.360390,17.699898
-0.360465,17.701710
-0.360539,17.703523
-0.360613,17.705336
-0.360687,17.707148
-0.360762,17.708961
-0.360836,17.710773
-0.360910,17.712585
-0.360985,17.714397
-0.361059,17.716210
-0.361133,17.718022
-0.361208,17.719834
-0.361282,17.721646
-0.361356,17.723458
-0.361431,17.725269
-0.361505,17.727081
-0.361579,17.728893
-0.361654,17.730704
-0.361728,17.732516
-0.361803,17.734327
-0.361877,17.736139
-0.361951,17.737950
-0.362026,17.739761
-0.362100,17.741572
-0.362175,17.743383
-0.362249,17.745194
-0.362323,17.747005
-0.362398,17.748816
-0.362472,17.750627
-0.362547,17.752438
-0.362621,17.754248
-0.362696,17.756059
-0.362770,17.757869
-0.362845,17.759680
-0.362919,17.761490
-0.362994,17.763301
-0.363068,17.765111
-0.363143,17.766921
-0.363217,17.768731
-0.363292,17.770541
-0.363366,17.772351
-0.363441,17.774161
-0.363515,17.775970
-0.363590,17.777780
-0.363664,17.779590
-0.363739,17.781399
-0.363813,17.783209
-0.363888,17.785018
-0.363963,17.786828
-0.364037,17.788637
-0.364112,17.790446
-0.364186,17.792255
-0.364261,17.794064
-0.364336,17.795873
-0.364410,17.797682
-0.364485,17.799491
-0.364559,17.801300
-0.364634,17.803108
-0.364709,17.804917
-0.364783,17.806726
-0.364858,17.808534
-0.364933,17.810343
-0.365007,17.812151
-0.365082,17.813959
-0.365157,17.815767
-0.365231,17.817575
-0.365306,17.819383
-0.365381,17.821191
-0.365455,17.822999
-0.365530,17.824807
-0.365605,17.826615
-0.365679,17.828423
-0.365754,17.830230
-0.365829,17.832038
-0.365904,17.833845
-0.365978,17.835653
-0.366053,17.837460
-0.366128,17.839267
-0.366203,17.841074
-0.366277,17.842882
-0.366352,17.844689
-0.366427,17.846495
-0.366502,17.848302
-0.366576,17.850109
-0.366651,17.851916
-0.366726,17.853723
-0.366801,17.855529
-0.366876,17.857336
-0.366950,17.859142
-0.367025,17.860949
-0.367100,17.862755
-0.367175,17.864561
-0.367250,17.866367
-0.367325,17.868173
-0.367400,17.869979
-0.367474,17.871785
-0.367549,17.873591
-0.367624,17.875397
-0.367699,17.877203
-0.367774,17.879008
-0.367849,17.880814
-0.367924,17.882620
-0.367999,17.884425
-0.368074,17.886230
-0.368148,17.888036
-0.368223,17.889841
-0.368298,17.891646
-0.368373,17.893451
-0.368448,17.895256
-0.368523,17.897061
-0.368598,17.898866
-0.368673,17.900671
-0.368748,17.902475
-0.368823,17.904280
-0.368898,17.906085
-0.368973,17.907889
-0.369048,17.909694
-0.369123,17.911498
-0.369198,17.913302
-0.369273,17.915106
-0.369348,17.916911
-0.369423,17.918715
-0.369498,17.920519
-0.369573,17.922323
-0.369648,17.924126
-0.369723,17.925930
-0.369798,17.927734
-0.369873,17.929538
-0.369948,17.931341
-0.370023,17.933145
-0.370099,17.934948
-0.370174,17.936751
-0.370249,17.938555
-0.370324,17.940358
-0.370399,17.942161
-0.370474,17.943964
-0.370549,17.945767
-0.370624,17.947570
-0.370699,17.949373
-0.370775,17.951176
-0.370850,17.952978
-0.370925,17.954781
-0.371000,17.956583
-0.371075,17.958386
-0.371150,17.960188
-0.371226,17.961991
-0.371301,17.963793
-0.371376,17.965595
-0.371451,17.967397
-0.371526,17.969199
-0.371601,17.971001
-0.371677,17.972803
-0.371752,17.974605
-0.371827,17.976407
-0.371902,17.978208
-0.371978,17.980010
-0.372053,17.981812
-0.372128,17.983613
-0.372203,17.985414
-0.372279,17.987216
-0.372354,17.989017
-0.372429,17.990818
-0.372504,17.992619
-0.372580,17.994420
-0.372655,17.996221
-0.372730,17.998022
-0.372806,17.999823
-0.372881,18.001624
-0.372956,18.003424
-0.373032,18.005225
-0.373107,18.007026
-0.373182,18.008826
-0.373258,18.010626
-0.373333,18.012427
-0.373408,18.014227
-0.373484,18.016027
-0.373559,18.017827
-0.373634,18.019627
-0.373710,18.021427
-0.373785,18.023227
-0.373861,18.025027
-0.373936,18.026827
-0.374011,18.028626
-0.374087,18.030426
-0.374162,18.032225
-0.374238,18.034025
-0.374313,18.035824
-0.374388,18.037623
-0.374464,18.039423
-0.374539,18.041222
-0.374615,18.043021
-0.374690,18.044820
-0.374766,18.046619
-0.374841,18.048418
-0.374917,18.050217
-0.374992,18.052015
-0.375068,18.053814
-0.375143,18.055612
-0.375219,18.057411
-0.375294,18.059209
-0.375370,18.061008
-0.375445,18.062806
-0.375521,18.064604
-0.375596,18.066402
-0.375672,18.068200
-0.375747,18.069998
-0.375823,18.071796
-0.375899,18.073594
-0.375974,18.075392
-0.376050,18.077190
-0.376125,18.078987
-0.376201,18.080785
-0.376276,18.082582
-0.376352,18.084380
-0.376428,18.086177
-0.376503,18.087974
-0.376579,18.089772
-0.376654,18.091569
-0.376730,18.093366
-0.376806,18.095163
-0.376881,18.096960
-0.376957,18.098757
-0.377033,18.100553
-0.377108,18.102350
-0.377184,18.104147
-0.377260,18.105943
-0.377335,18.107740
-0.377411,18.109536
-0.377487,18.111332
-0.377562,18.113129
-0.377638,18.114925
-0.377714,18.116721
-0.377790,18.118517
-0.377865,18.120313
-0.377941,18.122109
-0.378017,18.123905
-0.378092,18.125700
-0.378168,18.127496
-0.378244,18.129292
-0.378320,18.131087
-0.378395,18.132883
-0.378471,18.134678
-0.378547,18.136473
-0.378623,18.138269
-0.378699,18.140064
-0.378774,18.141859
-0.378850,18.143654
-0.378926,18.145449
-0.379002,18.147244
-0.379078,18.149039
-0.379153,18.150833
-0.379229,18.152628
-0.379305,18.154423
-0.379381,18.156217
-0.379457,18.158012
-0.379533,18.159806
-0.379609,18.161600
-0.379684,18.163395
-0.379760,18.165189
-0.379836,18.166983
-0.379912,18.168777
-0.379988,18.170571
-0.380064,18.172365
-0.380140,18.174159
-0.380216,18.175952
-0.380292,18.177746
-0.380367,18.179539
-0.380443,18.181333
-0.380519,18.183126
-0.380595,18.184920
-0.380671,18.186713
-0.380747,18.188506
-0.380823,18.190299
-0.380899,18.192093
-0.380975,18.193886
-0.381051,18.195678
-0.381127,18.197471
-0.381203,18.199264
-0.381279,18.201057
-0.381355,18.202849
-0.381431,18.204642
-0.381507,18.206435
-0.381583,18.208227
-0.381659,18.210019
-0.381735,18.211812
-0.381811,18.213604
-0.381887,18.215396
-0.381963,18.217188
-0.382039,18.218980
-0.382115,18.220772
-0.382192,18.222564
-0.382268,18.224356
-0.382344,18.226147
-0.382420,18.227939
-0.382496,18.229730
-0.382572,18.231522
-0.382648,18.233313
-0.382724,18.235105
-0.382800,18.236896
-0.382876,18.238687
-0.382953,18.240478
-0.383029,18.242269
-0.383105,18.244060
-0.383181,18.245851
-0.383257,18.247642
-0.383333,18.249433
-0.383410,18.251224
-0.383486,18.253014
-0.383562,18.254805
-0.383638,18.256595
-0.383714,18.258386
-0.383790,18.260176
-0.383867,18.261966
-0.383943,18.263756
-0.384019,18.265546
-0.384095,18.267336
-0.384172,18.269126
-0.384248,18.270916
-0.384324,18.272706
-0.384400,18.274496
-0.384477,18.276286
-0.384553,18.278075
-0.384629,18.279865
-0.384705,18.281654
-0.384782,18.283444
-0.384858,18.285233
-0.384934,18.287022
-0.385011,18.288811
-0.385087,18.290600
-0.385163,18.292389
-0.385239,18.294178
-0.385316,18.295967
-0.385392,18.297756
-0.385468,18.299545
-0.385545,18.301333
-0.385621,18.303122
-0.385697,18.304911
-0.385774,18.306699
-0.385850,18.308487
-0.385927,18.310276
-0.386003,18.312064
-0.386079,18.313852
-0.386156,18.315640
-0.386232,18.317428
-0.386309,18.319216
-0.386385,18.321004
-0.386461,18.322792
-0.386538,18.324580
-0.386614,18.326367
-0.386691,18.328155
-0.386767,18.329942
-0.386844,18.331730
-0.386920,18.333517
-0.386996,18.335304
-0.387073,18.337092
-0.387149,18.338879
-0.387226,18.340666
-0.387302,18.342453
-0.387379,18.344240
-0.387455,18.346027
-0.387532,18.347813
-0.387608,18.349600
-0.387685,18.351387
-0.387761,18.353173
-0.387838,18.354960
-0.387914,18.356746
-0.387991,18.358532
-0.388068,18.360319
-0.388144,18.362105
-0.388221,18.363891
-0.388297,18.365677
-0.388374,18.367463
-0.388450,18.369249
-0.388527,18.371035
-0.388603,18.372821
-0.388680,18.374606
-0.388757,18.376392
-0.388833,18.378178
-0.388910,18.379963
-0.388987,18.381748
-0.389063,18.383534
-0.389140,18.385319
-0.389216,18.387104
-0.389293,18.388889
-0.389370,18.390674
-0.389446,18.392459
-0.389523,18.394244
-0.389600,18.396029
-0.389676,18.397814
-0.389753,18.399599
-0.389830,18.401383
-0.389906,18.403168
-0.389983,18.404952
-0.390060,18.406737
-0.390137,18.408521
-0.390213,18.410305
-0.390290,18.412089
-0.390367,18.413873
-0.390443,18.415657
-0.390520,18.417441
-0.390597,18.419225
-0.390674,18.421009
-0.390750,18.422793
-0.390827,18.424576
-0.390904,18.426360
-0.390981,18.428144
-0.391058,18.429927
-0.391134,18.431710
-0.391211,18.433494
-0.391288,18.435277
-0.391365,18.437060
-0.391442,18.438843
-0.391518,18.440626
-0.391595,18.442409
-0.391672,18.444192
-0.391749,18.445975
-0.391826,18.447758
-0.391903,18.449540
-0.391979,18.451323
-0.392056,18.453105
-0.392133,18.454888
-0.392210,18.456670
-0.392287,18.458452
-0.392364,18.460235
-0.392441,18.462017
-0.392518,18.463799
-0.392594,18.465581
-0.392671,18.467363
-0.392748,18.469145
-0.392825,18.470926
-0.392902,18.472708
-0.392979,18.474490
-0.393056,18.476271
-0.393133,18.478053
-0.393210,18.479834
-0.393287,18.481616
-0.393364,18.483397
-0.393441,18.485178
-0.393518,18.486959
-0.393595,18.488740
-0.393672,18.490521
-0.393749,18.492302
-0.393826,18.494083
-0.393903,18.495864
-0.393980,18.497645
-0.394057,18.499425
-0.394134,18.501206
-0.394211,18.502986
-0.394288,18.504767
-0.394365,18.506547
-0.394442,18.508327
-0.394519,18.510107
-0.394596,18.511888
-0.394673,18.513668
-0.394750,18.515448
-0.394827,18.517227
-0.394904,18.519007
-0.394982,18.520787
-0.395059,18.522567
-0.395136,18.524346
-0.395213,18.526126
-0.395290,18.527905
-0.395367,18.529685
-0.395444,18.531464
-0.395521,18.533243
-0.395598,18.535023
-0.395676,18.536802
-0.395753,18.538581
-0.395830,18.540360
-0.395907,18.542139
-0.395984,18.543917
-0.396061,18.545696
-0.396139,18.547475
-0.396216,18.549253
-0.396293,18.551032
-0.396370,18.552810
-0.396447,18.554589
-0.396525,18.556367
-0.396602,18.558145
-0.396679,18.559923
-0.396756,18.561702
-0.396834,18.563480
-0.396911,18.565257
-0.396988,18.567035
-0.397065,18.568813
-0.397143,18.570591
-0.397220,18.572369
-0.397297,18.574146
-0.397374,18.575924
-0.397452,18.577701
-0.397529,18.579478
-0.397606,18.581256
-0.397684,18.583033
-0.397761,18.584810
-0.397838,18.586587
-0.397916,18.588364
-0.397993,18.590141
-0.398070,18.591918
-0.398148,18.593695
-0.398225,18.595472
-0.398302,18.597248
-0.398380,18.599025
-0.398457,18.600801
-0.398534,18.602578
-0.398612,18.604354
-0.398689,18.606130
-0.398767,18.607906
-0.398844,18.609683
-0.398921,18.611459
-0.398999,18.613235
-0.399076,18.615011
-0.399154,18.616786
-0.399231,18.618562
-0.399308,18.620338
-0.399386,18.622114
-0.399463,18.623889
-0.399541,18.625665
-0.399618,18.627440
-0.399696,18.629215
-0.399773,18.630991
-0.399851,18.632766
-0.399928,18.634541
-0.400006,18.636316
-0.400083,18.638091
-0.400161,18.639866
-0.400238,18.641641
-0.400316,18.643415
-0.400393,18.645190
-0.400471,18.646965
-0.400548,18.648739
-0.400626,18.650514
-0.400703,18.652288
-0.400781,18.654062
-0.400858,18.655837
-0.400936,18.657611
-0.401013,18.659385
-0.401091,18.661159
-0.401169,18.662933
-0.401246,18.664707
-0.401324,18.666481
-0.401401,18.668254
-0.401479,18.670028
-0.401557,18.671802
-0.401634,18.673575
-0.401712,18.675349
-0.401789,18.677122
-0.401867,18.678895
-0.401945,18.680669
-0.402022,18.682442
-0.402100,18.684215
-0.402178,18.685988
-0.402255,18.687761
-0.402333,18.689534
-0.402411,18.691307
-0.402488,18.693079
-0.402566,18.694852
-0.402644,18.696625
-0.402721,18.698397
-0.402799,18.700170
-0.402877,18.701942
-0.402955,18.703714
-0.403032,18.705486
-0.403110,18.707259
-0.403188,18.709031
-0.403265,18.710803
-0.403343,18.712575
-0.403421,18.714346
-0.403499,18.716118
-0.403577,18.717890
-0.403654,18.719662
-0.403732,18.721433
-0.403810,18.723205
-0.403888,18.724976
-0.403965,18.726747
-0.404043,18.728519
-0.404121,18.730290
-0.404199,18.732061
-0.404277,18.733832
-0.404354,18.735603
-0.404432,18.737374
-0.404510,18.739145
-0.404588,18.740916
-0.404666,18.742686
-0.404744,18.744457
-0.404822,18.746228
-0.404899,18.747998
-0.404977,18.749768
-0.405055,18.751539
-0.405133,18.753309
-0.405211,18.755079
-0.405289,18.756849
-0.405367,18.758619
-0.405445,18.760389
-0.405523,18.762159
-0.405600,18.763929
-0.405678,18.765699
-0.405756,18.767469
-0.405834,18.769238
-0.405912,18.771008
-0.405990,18.772777
-0.406068,18.774547
-0.406146,18.776316
-0.406224,18.778085
-0.406302,18.779854
-0.406380,18.781623
-0.406458,18.783392
-0.406536,18.785161
-0.406614,18.786930
-0.406692,18.788699
-0.406770,18.790468
-0.406848,18.792237
-0.406926,18.794005
-0.407004,18.795774
-0.407082,18.797542
-0.407160,18.799311
-0.407238,18.801079
-0.407316,18.802847
-0.407394,18.804615
-0.407472,18.806383
-0.407550,18.808151
-0.407629,18.809919
-0.407707,18.811687
-0.407785,18.813455
-0.407863,18.815223
-0.407941,18.816990
-0.408019,18.818758
-0.408097,18.820525
-0.408175,18.822293
-0.408253,18.824060
-0.408332,18.825828
-0.408410,18.827595
-0.408488,18.829362
-0.408566,18.831129
-0.408644,18.832896
-0.408722,18.834663
-0.408800,18.836430
-0.408879,18.838197
-0.408957,18.839963
-0.409035,18.841730
-0.409113,18.843496
-0.409191,18.845263
-0.409270,18.847029
-0.409348,18.848796
-0.409426,18.850562
-0.409504,18.852328
-0.409582,18.854094
-0.409661,18.855860
-0.409739,18.857626
-0.409817,18.859392
-0.409895,18.861158
-0.409974,18.862924
-0.410052,18.864690
-0.410130,18.866455
-0.410208,18.868221
-0.410287,18.869986
-0.410365,18.871752
-0.410443,18.873517
-0.410522,18.875282
-0.410600,18.877048
-0.410678,18.878813
-0.410757,18.880578
-0.410835,18.882343
-0.410913,18.884108
-0.410992,18.885872
-0.411070,18.887637
-0.411148,18.889402
-0.411227,18.891166
-0.411305,18.892931
-0.411383,18.894695
-0.411462,18.896460
-0.411540,18.898224
-0.411618,18.899988
-0.411697,18.901753
-0.411775,18.903517
-0.411854,18.905281
-0.411932,18.907045
-0.412010,18.908809
-0.412089,18.910572
-0.412167,18.912336
-0.412246,18.914100
-0.412324,18.915863
-0.412403,18.917627
-0.412481,18.919390
-0.412559,18.921154
-0.412638,18.922917
-0.412716,18.924680
-0.412795,18.926443
-0.412873,18.928207
-0.412952,18.929970
-0.413030,18.931732
-0.413109,18.933495
-0.413187,18.935258
-0.413266,18.937021
-0.413344,18.938784
-0.413423,18.940546
-0.413501,18.942309
-0.413580,18.944071
-0.413658,18.945833
-0.413737,18.947596
-0.413816,18.949358
-0.413894,18.951120
-0.413973,18.952882
-0.414051,18.954644
-0.414130,18.956406
-0.414208,18.958168
-0.414287,18.959930
-0.414366,18.961691
-0.414444,18.963453
-0.414523,18.965215
-0.414601,18.966976
-0.414680,18.968738
-0.414759,18.970499
-0.414837,18.972260
-0.414916,18.974021
-0.414995,18.975782
-0.415073,18.977544
-0.415152,18.979305
-0.415230,18.981065
-0.415309,18.982826
-0.415388,18.984587
-0.415466,18.986348
-0.415545,18.988108
-0.415624,18.989869
-0.415703,18.991629
-0.415781,18.993390
-0.415860,18.995150
-0.415939,18.996910
-0.416017,18.998671
-0.416096,19.000431
-0.416175,19.002191
-0.416254,19.003951
-0.416332,19.005711
-0.416411,19.007470
-0.416490,19.009230
-0.416569,19.010990
-0.416647,19.012749
-0.416726,19.014509
-0.416805,19.016268
-0.416884,19.018028
-0.416962,19.019787
-0.417041,19.021546
-0.417120,19.023306
-0.417199,19.025065
-0.417278,19.026824
-0.417356,19.028583
-0.417435,19.030341
-0.417514,19.032100
-0.417593,19.033859
-0.417672,19.035618
-0.417751,19.037376
-0.417829,19.039135
-0.417908,19.040893
-0.417987,19.042652
-0.418066,19.044410
-0.418145,19.046168
-0.418224,19.047926
-0.418303,19.049684
-0.418382,19.051442
-0.418461,19.053200
-0.418539,19.054958
-0.418618,19.056716
-0.418697,19.058474
-0.418776,19.060231
-0.418855,19.061989
-0.418934,19.063746
-0.419013,19.065504
-0.419092,19.067261
-0.419171,19.069019
-0.419250,19.070776
-0.419329,19.072533
-0.419408,19.074290
-0.419487,19.076047
-0.419566,19.077804
-0.419645,19.079561
-0.419724,19.081317
-0.419803,19.083074
-0.419882,19.084831
-0.419961,19.086587
-0.420040,19.088344
-0.420119,19.090100
-0.420198,19.091857
-0.420277,19.093613
-0.420356,19.095369
-0.420435,19.097125
-0.420514,19.098881
-0.420593,19.100637
-0.420672,19.102393
-0.420751,19.104149
-0.420830,19.105905
-0.420909,19.107660
-0.420988,19.109416
-0.421068,19.111172
-0.421147,19.112927
-0.421226,19.114682
-0.421305,19.116438
-0.421384,19.118193
-0.421463,19.119948
-0.421542,19.121703
-0.421621,19.123458
-0.421701,19.125213
-0.421780,19.126968
-0.421859,19.128723
-0.421938,19.130478
-0.422017,19.132232
-0.422096,19.133987
-0.422176,19.135742
-0.422255,19.137496
-0.422334,19.139250
-0.422413,19.141005
-0.422492,19.142759
-0.422572,19.144513
-0.422651,19.146267
-0.422730,19.148021
-0.422809,19.149775
-0.422888,19.151529
-0.422968,19.153283
-0.423047,19.155037
-0.423126,19.156790
-0.423205,19.158544
-0.423285,19.160297
-0.423364,19.162051
-0.423443,19.163804
-0.423522,19.165557
-0.423602,19.167311
-0.423681,19.169064
-0.423760,19.170817
-0.423840,19.172570
-0.423919,19.174323
-0.423998,19.176076
-0.424078,19.177828
-0.424157,19.179581
-0.424236,19.181334
-0.424316,19.183086
-0.424395,19.184839
-0.424474,19.186591
-0.424554,19.188344
-0.424633,19.190096
-0.424712,19.191848
-0.424792,19.193600
-0.424871,19.195352
-0.424951,19.197104
-0.425030,19.198856
-0.425109,19.200608
-0.425189,19.202360
-0.425268,19.204111
-0.425348,19.205863
-0.425427,19.207615
-0.425506,19.209366
-0.425586,19.211117
-0.425665,19.212869
-0.425745,19.214620
-0.425824,19.216371
-0.425904,19.218122
-0.425983,19.219873
-0.426063,19.221624
-0.426142,19.223375
-0.426221,19.225126
-0.426301,19.226877
-0.426380,19.228628
-0.426460,19.230378
-0.426539,19.232129
-0.426619,19.233879
-0.426698,19.235629
-0.426778,19.237380
-0.426858,19.239130
-0.426937,19.240880
-0.427017,19.242630
-0.427096,19.244380
-0.427176,19.246130
-0.427255,19.247880
-0.427335,19.249630
-0.427414,19.251380
-0.427494,19.253129
-0.427574,19.254879
-0.427653,19.256628
-0.427733,19.258378
-0.427812,19.260127
-0.427892,19.261877
-0.427972,19.263626
-0.428051,19.265375
-0.428131,19.267124
-0.428210,19.268873
-0.428290,19.270622
-0.428370,19.272371
-0.428449,19.274120
-0.428529,19.275868
-0.428609,19.277617
-0.428688,19.279366
-0.428768,19.281114
-0.428848,19.282863
-0.428927,19.284611
-0.429007,19.286359
-0.429087,19.288107
-0.429166,19.289855
-0.429246,19.291604
-0.429326,19.293352
-0.429405,19.295099
-0.429485,19.296847
-0.429565,19.298595
-0.429645,19.300343
-0.429724,19.302090
-0.429804,19.303838
-0.429884,19.305585
-0.429964,19.307333
-0.430043,19.309080
-0.430123,19.310827
-0.430203,19.312575
-0.430283,19.314322
-0.430363,19.316069
-0.430442,19.317816
-0.430522,19.319563
-0.430602,19.321310
-0.430682,19.323056
-0.430762,19.324803
-0.430841,19.326550
-0.430921,19.328296
-0.431001,19.330043
-0.431081,19.331789
-0.431161,19.333535
-0.431241,19.335282
-0.431320,19.337028
-0.431400,19.338774
-0.431480,19.340520
-0.431560,19.342266
-0.431640,19.344012
-0.431720,19.345758
-0.431800,19.347503
-0.431880,19.349249
-0.431959,19.350995
-0.432039,19.352740
-0.432119,19.354485
-0.432199,19.356231
-0.432279,19.357976
-0.432359,19.359721
-0.432439,19.361467
-0.432519,19.363212
-0.432599,19.364957
-0.432679,19.366702
-0.432759,19.368446
-0.432839,19.370191
-0.432919,19.371936
-0.432999,19.373681
-0.433079,19.375425
-0.433159,19.377170
-0.433239,19.378914
-0.433319,19.380658
-0.433399,19.382403
-0.433479,19.384147
-0.433559,19.385891
-0.433639,19.387635
-0.433719,19.389379
-0.433799,19.391123
-0.433879,19.392867
-0.433959,19.394611
-0.434039,19.396354
-0.434119,19.398098
-0.434199,19.399842
-0.434279,19.401585
-0.434359,19.403329
-0.434439,19.405072
-0.434519,19.406815
-0.434600,19.408558
-0.434680,19.410301
-0.434760,19.412045
-0.434840,19.413788
-0.434920,19.415530
-0.435000,19.417273
-0.435080,19.419016
-0.435160,19.420759
-0.435240,19.422501
-0.435321,19.424244
-0.435401,19.425986
-0.435481,19.427729
-0.435561,19.429471
-0.435641,19.431213
-0.435721,19.432955
-0.435802,19.434698
-0.435882,19.436440
-0.435962,19.438182
-0.436042,19.439923
-0.436122,19.441665
-0.436203,19.443407
-0.436283,19.445149
-0.436363,19.446890
-0.436443,19.448632
-0.436524,19.450373
-0.436604,19.452115
-0.436684,19.453856
-0.436764,19.455597
-0.436845,19.457338
-0.436925,19.459079
-0.437005,19.460820
-0.437085,19.462561
-0.437166,19.464302
-0.437246,19.466043
-0.437326,19.467784
-0.437407,19.469524
-0.437487,19.471265
-0.437567,19.473006
-0.437647,19.474746
-0.437728,19.476486
-0.437808,19.478227
-0.437888,19.479967
-0.437969,19.481707
-0.438049,19.483447
-0.438129,19.485187
-0.438210,19.486927
-0.438290,19.488667
-0.438371,19.490407
-0.438451,19.492146
-0.438531,19.493886
-0.438612,19.495626
-0.438692,19.497365
-0.438772,19.499104
-0.438853,19.500844
-0.438933,19.502583
-0.439014,19.504322
-0.439094,19.506061
-0.439175,19.507800
-0.439255,19.509539
-0.439335,19.511278
-0.439416,19.513017
-0.439496,19.514756
-0.439577,19.516495
-0.439657,19.518233
-0.439738,19.519972
-0.439818,19.521710
-0.439899,19.523449
-0.439979,19.525187
-0.440060,19.526925
-0.440140,19.528663
-0.440221,19.530402
-0.440301,19.532140
-0.440382,19.533878
-0.440462,19.535615
-0.440543,19.537353
-0.440623,19.539091
-0.440704,19.540829
-0.440784,19.542566
-0.440865,19.544304
-0.440945,19.546041
-0.441026,19.547779
-0.441107,19.549516
-0.441187,19.551253
-0.441268,19.552990
-0.441348,19.554727
-0.441429,19.556464
-0.441509,19.558201
-0.441590,19.559938
-0.441671,19.561675
-0.441751,19.563412
-0.441832,19.565148
-0.441913,19.566885
-0.441993,19.568622
-0.442074,19.570358
-0.442154,19.572094
-0.442235,19.573831
-0.442316,19.575567
-0.442396,19.577303
-0.442477,19.579039
-0.442558,19.580775
-0.442638,19.582511
-0.442719,19.584247
-0.442800,19.585983
-0.442880,19.587718
-0.442961,19.589454
-0.443042,19.591190
-0.443123,19.592925
-0.443203,19.594661
-0.443284,19.596396
-0.443365,19.598131
-0.443446,19.599866
-0.443526,19.601601
-0.443607,19.603337
-0.443688,19.605071
-0.443768,19.606806
-0.443849,19.608541
-0.443930,19.610276
-0.444011,19.612011
-0.444092,19.613745
-0.444172,19.615480
-0.444253,19.617214
-0.444334,19.618949
-0.444415,19.620683
-0.444496,19.622417
-0.444576,19.624152
-0.444657,19.625886
-0.444738,19.627620
-0.444819,19.629354
-0.444900,19.631088
-0.444981,19.632821
-0.445061,19.634555
-0.445142,19.636289
-0.445223,19.638022
-0.445304,19.639756
-0.445385,19.641489
-0.445466,19.643223
-0.445547,19.644956
-0.445628,19.646689
-0.445708,19.648422
-0.445789,19.650156
-0.445870,19.651889
-0.445951,19.653622
-0.446032,19.655354
-0.446113,19.657087
-0.446194,19.658820
-0.446275,19.660553
-0.446356,19.662285
-0.446437,19.664018
-0.446518,19.665750
-0.446599,19.667482
-0.446680,19.669215
-0.446761,19.670947
-0.446842,19.672679
-0.446923,19.674411
-0.447004,19.676143
-0.447085,19.677875
-0.447166,19.679607
-0.447247,19.681339
-0.447328,19.683070
-0.447409,19.684802
-0.447490,19.686534
-0.447571,19.688265
-0.447652,19.689997
-0.447733,19.691728
-0.447814,19.693459
-0.447895,19.695190
-0.447976,19.696922
-0.448057,19.698653
-0.448138,19.700384
-0.448219,19.702115
-0.448300,19.703845
-0.448381,19.705576
-0.448462,19.707307
-0.448543,19.709037
-0.448625,19.710768
-0.448706,19.712498
-0.448787,19.714229
-0.448868,19.715959
-0.448949,19.717689
-0.449030,19.719420
-0.449111,19.721150
-0.449192,19.722880
-0.449274,19.724610
-0.449355,19.726340
-0.449436,19.728069
-0.449517,19.729799
-0.449598,19.731529
-0.449679,19.733258
-0.449761,19.734988
-0.449842,19.736717
-0.449923,19.738447
-0.450004,19.740176
-0.450085,19.741905
-0.450167,19.743635
-0.450248,19.745364
-0.450329,19.747093
-0.450410,19.748822
-0.450491,19.750550
-0.450573,19.752279
-0.450654,19.754008
-0.450735,19.755737
-0.450816,19.757465
-0.450898,19.759194
-0.450979,19.760922
-0.451060,19.762651
-0.451142,19.764379
-0.451223,19.766107
-0.451304,19.767835
-0.451385,19.769563
-0.451467,19.771291
-0.451548,19.773019
-0.451629,19.774747
-0.451711,19.776475
-0.451792,19.778203
-0.451873,19.779930
-0.451955,19.781658
-0.452036,19.783385
-0.452117,19.785113
-0.452199,19.786840
-0.452280,19.788567
-0.452361,19.790295
-0.452443,19.792022
-0.452524,19.793749
-0.452606,19.795476
-0.452687,19.797203
-0.452768,19.798929
-0.452850,19.800656
-0.452931,19.802383
-0.453013,19.804110
-0.453094,19.805836
-0.453175,19.807563
-0.453257,19.809289
-0.453338,19.811015
-0.453420,19.812742
-0.453501,19.814468
-0.453583,19.816194
-0.453664,19.817920
-0.453746,19.819646
-0.453827,19.821372
-0.453909,19.823098
-0.453990,19.824823
-0.454072,19.826549
-0.454153,19.828275
-0.454235,19.830000
-0.454316,19.831726
-0.454398,19.833451
-0.454479,19.835176
-0.454561,19.836901
-0.454642,19.838627
-0.454724,19.840352
-0.454805,19.842077
-0.454887,19.843802
-0.454968,19.845527
-0.455050,19.847251
-0.455131,19.848976
-0.455213,19.850701
-0.455295,19.852425
-0.455376,19.854150
-0.455458,19.855874
-0.455539,19.857599
-0.455621,19.859323
-0.455702,19.861047
-0.455784,19.862771
-0.455866,19.864495
-0.455947,19.866219
-0.456029,19.867943
-0.456111,19.869667
-0.456192,19.871391
-0.456274,19.873115
-0.456356,19.874838
-0.456437,19.876562
-0.456519,19.878285
-0.456600,19.880009
-0.456682,19.881732
-0.456764,19.883455
-0.456846,19.885178
-0.456927,19.886902
-0.457009,19.888625
-0.457091,19.890348
-0.457172,19.892071
-0.457254,19.893793
-0.457336,19.895516
-0.457417,19.897239
-0.457499,19.898961
-0.457581,19.900684
-0.457663,19.902406
-0.457744,19.904129
-0.457826,19.905851
-0.457908,19.907573
-0.457990,19.909296
-0.458071,19.911018
-0.458153,19.912740
-0.458235,19.914462
-0.458317,19.916184
-0.458399,19.917905
-0.458480,19.919627
-0.458562,19.921349
-0.458644,19.923070
-0.458726,19.924792
-0.458808,19.926513
-0.458889,19.928235
-0.458971,19.929956
-0.459053,19.931677
-0.459135,19.933398
-0.459217,19.935120
-0.459299,19.936841
-0.459380,19.938562
-0.459462,19.940282
-0.459544,19.942003
-0.459626,19.943724
-0.459708,19.945445
-0.459790,19.947165
-0.459872,19.948886
-0.459954,19.950606
-0.460036,19.952326
-0.460117,19.954047
-0.460199,19.955767
-0.460281,19.957487
-0.460363,19.959207
-0.460445,19.960927
-0.460527,19.962647
-0.460609,19.964367
-0.460691,19.966087
-0.460773,19.967806
-0.460855,19.969526
-0.460937,19.971246
-0.461019,19.972965
-0.461101,19.974684
-0.461183,19.976404
-0.461265,19.978123
-0.461347,19.979842
-0.461429,19.981561
-0.461511,19.983280
-0.461593,19.984999
-0.461675,19.986718
-0.461757,19.988437
-0.461839,19.990156
-0.461921,19.991875
-0.462003,19.993593
-0.462085,19.995312
-0.462167,19.997030
-0.462249,19.998749
-0.462331,20.000467
-0.462413,20.002185
-0.462495,20.003903
-0.462577,20.005621
-0.462660,20.007339
-0.462742,20.009057
-0.462824,20.010775
-0.462906,20.012493
-0.462988,20.014211
-0.463070,20.015929
-0.463152,20.017646
-0.463234,20.019364
-0.463316,20.021081
-0.463399,20.022798
-0.463481,20.024516
-0.463563,20.026233
-0.463645,20.027950
-0.463727,20.029667
-0.463809,20.031384
-0.463891,20.033101
-0.463974,20.034818
-0.464056,20.036535
-0.464138,20.038252
-0.464220,20.039968
-0.464302,20.041685
-0.464385,20.043401
-0.464467,20.045118
-0.464549,20.046834
-0.464631,20.048550
-0.464714,20.050267
-0.464796,20.051983
-0.464878,20.053699
-0.464960,20.055415
-0.465042,20.057131
-0.465125,20.058847
-0.465207,20.060562
-0.465289,20.062278
-0.465372,20.063994
-0.465454,20.065709
-0.465536,20.067425
-0.465618,20.069140
-0.465701,20.070855
-0.465783,20.072571
-0.465865,20.074286
-0.465948,20.076001
-0.466030,20.077716
-0.466112,20.079431
-0.466195,20.081146
-0.466277,20.082861
-0.466359,20.084575
-0.466442,20.086290
-0.466524,20.088005
-0.466606,20.089719
-0.466689,20.091434
-0.466771,20.093148
-0.466853,20.094862
-0.466936,20.096577
-0.467018,20.098291
-0.467101,20.100005
-0.467183,20.101719
-0.467265,20.103433
-0.467348,20.105147
-0.467430,20.106861
-0.467513,20.108574
-0.467595,20.110288
-0.467677,20.112002
-0.467760,20.113715
-0.467842,20.115429
-0.467925,20.117142
-0.468007,20.118855
-0.468090,20.120568
-0.468172,20.122282
-0.468255,20.123995
-0.468337,20.125708
-0.468420,20.127421
-0.468502,20.129133
-0.468585,20.130846
-0.468667,20.132559
-0.468750,20.134272
-0.468832,20.135984
-0.468915,20.137697
-0.468997,20.139409
-0.469080,20.141121
-0.469162,20.142834
-0.469245,20.144546
-0.469327,20.146258
-0.469410,20.147970
-0.469492,20.149682
-0.469575,20.151394
-0.469657,20.153106
-0.469740,20.154818
-0.469823,20.156529
-0.469905,20.158241
-0.469988,20.159952
-0.470070,20.161664
-0.470153,20.163375
-0.470236,20.165087
-0.470318,20.166798
-0.470401,20.168509
-0.470483,20.170220
-0.470566,20.171931
-0.470649,20.173642
-0.470731,20.175353
-0.470814,20.177064
-0.470897,20.178775
-0.470979,20.180485
-0.471062,20.182196
-0.471145,20.183906
-0.471227,20.185617
-0.471310,20.187327
-0.471393,20.189038
-0.471475,20.190748
-0.471558,20.192458
-0.471641,20.194168
-0.471723,20.195878
-0.471806,20.197588
-0.471889,20.199298
-0.471972,20.201008
-0.472054,20.202717
-0.472137,20.204427
-0.472220,20.206137
-0.472303,20.207846
-0.472385,20.209556
-0.472468,20.211265
-0.472551,20.212974
-0.472634,20.214683
-0.472716,20.216393
-0.472799,20.218102
-0.472882,20.219811
-0.472965,20.221520
-0.473048,20.223228
-0.473130,20.224937
-0.473213,20.226646
-0.473296,20.228354
-0.473379,20.230063
-0.473462,20.231772
-0.473544,20.233480
-0.473627,20.235188
-0.473710,20.236897
-0.473793,20.238605
-0.473876,20.240313
-0.473959,20.242021
-0.474042,20.243729
-0.474124,20.245437
-0.474207,20.247145
-0.474290,20.248852
-0.474373,20.250560
-0.474456,20.252268
-0.474539,20.253975
-0.474622,20.255683
-0.474705,20.257390
-0.474788,20.259097
-0.474870,20.260805
-0.474953,20.262512
-0.475036,20.264219
-0.475119,20.265926
-0.475202,20.267633
-0.475285,20.269340
-0.475368,20.271047
-0.475451,20.272753
-0.475534,20.274460
-0.475617,20.276167
-0.475700,20.277873
-0.475783,20.279580
-0.475866,20.281286
-0.475949,20.282992
-0.476032,20.284698
-0.476115,20.286405
-0.476198,20.288111
-0.476281,20.289817
-0.476364,20.291523
-0.476447,20.293228
-0.476530,20.294934
-0.476613,20.296640
-0.476696,20.298346
-0.476779,20.300051
-0.476862,20.301757
-0.476945,20.303462
-0.477028,20.305167
-0.477111,20.306873
-0.477195,20.308578
-0.477278,20.310283
-0.477361,20.311988
-0.477444,20.313693
-0.477527,20.315398
-0.477610,20.317103
-0.477693,20.318808
-0.477776,20.320512
-0.477859,20.322217
-0.477942,20.323922
-0.478026,20.325626
-0.478109,20.327330
-0.478192,20.329035
-0.478275,20.330739
-0.478358,20.332443
-0.478441,20.334147
-0.478525,20.335851
-0.478608,20.337555
-0.478691,20.339259
-0.478774,20.340963
-0.478857,20.342667
-0.478940,20.344370
-0.479024,20.346074
-0.479107,20.347778
-0.479190,20.349481
-0.479273,20.351184
-0.479356,20.352888
-0.479440,20.354591
-0.479523,20.356294
-0.479606,20.357997
-0.479689,20.359700
-0.479773,20.361403
-0.479856,20.363106
-0.479939,20.364809
-0.480022,20.366512
-0.480106,20.368214
-0.480189,20.369917
-0.480272,20.371619
-0.480356,20.373322
-0.480439,20.375024
-0.480522,20.376726
-0.480605,20.378429
-0.480689,20.380131
-0.480772,20.381833
-0.480855,20.383535
-0.480939,20.385237
-0.481022,20.386939
-0.481105,20.388640
-0.481189,20.390342
-0.481272,20.392044
-0.481355,20.393745
-0.481439,20.395447
-0.481522,20.397148
-0.481606,20.398850
-0.481689,20.400551
-0.481772,20.402252
-0.481856,20.403953
-0.481939,20.405654
-0.482023,20.407355
-0.482106,20.409056
-0.482189,20.410757
-0.482273,20.412458
-0.482356,20.414158
-0.482440,20.415859
-0.482523,20.417559
-0.482606,20.419260
-0.482690,20.420960
-0.482773,20.422661
-0.482857,20.424361
-0.482940,20.426061
-0.483024,20.427761
-0.483107,20.429461
-0.483191,20.431161
-0.483274,20.432861
-0.483358,20.434561
-0.483441,20.436261
-0.483525,20.437960
-0.483608,20.439660
-0.483692,20.441359
-0.483775,20.443059
-0.483859,20.444758
-0.483942,20.446457
-0.484026,20.448157
-0.484109,20.449856
-0.484193,20.451555
-0.484276,20.453254
-0.484360,20.454953
-0.484444,20.456652
-0.484527,20.458350
-0.484611,20.460049
-0.484694,20.461748
-0.484778,20.463446
-0.484861,20.465145
-0.484945,20.466843
-0.485029,20.468542
-0.485112,20.470240
-0.485196,20.471938
-0.485279,20.473636
-0.485363,20.475334
-0.485447,20.477032
-0.485530,20.478730
-0.485614,20.480428
-0.485698,20.482126
-0.485781,20.483824
-0.485865,20.485521
-0.485949,20.487219
-0.486032,20.488916
-0.486116,20.490614
-0.486200,20.492311
-0.486283,20.494008
-0.486367,20.495705
-0.486451,20.497402
-0.486534,20.499100
-0.486618,20.500796
-0.486702,20.502493
-0.486785,20.504190
-0.486869,20.505887
-0.486953,20.507584
-0.487037,20.509280
-0.487120,20.510977
-0.487204,20.512673
-0.487288,20.514370
-0.487372,20.516066
-0.487455,20.517762
-0.487539,20.519458
-0.487623,20.521154
-0.487707,20.522850
-0.487790,20.524546
-0.487874,20.526242
-0.487958,20.527938
-0.488042,20.529634
-0.488126,20.531329
-0.488209,20.533025
-0.488293,20.534720
-0.488377,20.536416
-0.488461,20.538111
-0.488545,20.539807
-0.488629,20.541502
-0.488712,20.543197
-0.488796,20.544892
-0.488880,20.546587
-0.488964,20.548282
-0.489048,20.549977
-0.489132,20.551671
-0.489216,20.553366
-0.489299,20.555061
-0.489383,20.556755
-0.489467,20.558450
-0.489551,20.560144
-0.489635,20.561839
-0.489719,20.563533
-0.489803,20.565227
-0.489887,20.566921
-0.489971,20.568615
-0.490055,20.570309
-0.490139,20.572003
-0.490223,20.573697
-0.490306,20.575391
-0.490390,20.577084
-0.490474,20.578778
-0.490558,20.580471
-0.490642,20.582165
-0.490726,20.583858
-0.490810,20.585552
-0.490894,20.587245
-0.490978,20.588938
-0.491062,20.590631
-0.491146,20.592324
-0.491230,20.594017
-0.491314,20.595710
-0.491398,20.597403
-0.491482,20.599096
-0.491566,20.600788
-0.491650,20.602481
-0.491734,20.604173
-0.491818,20.605866
-0.491903,20.607558
-0.491987,20.609250
-0.492071,20.610943
-0.492155,20.612635
-0.492239,20.614327
-0.492323,20.616019
-0.492407,20.617711
-0.492491,20.619403
-0.492575,20.621094
-0.492659,20.622786
-0.492743,20.624478
-0.492827,20.626169
-0.492912,20.627861
-0.492996,20.629552
-0.493080,20.631244
-0.493164,20.632935
-0.493248,20.634626
-0.493332,20.636317
-0.493416,20.638008
-0.493501,20.639699
-0.493585,20.641390
-0.493669,20.643081
-0.493753,20.644772
-0.493837,20.646462
-0.493921,20.648153
-0.494006,20.649844
-0.494090,20.651534
-0.494174,20.653224
-0.494258,20.654915
-0.494342,20.656605
-0.494427,20.658295
-0.494511,20.659985
-0.494595,20.661675
-0.494679,20.663365
-0.494764,20.665055
-0.494848,20.666745
-0.494932,20.668435
-0.495016,20.670124
-0.495101,20.671814
-0.495185,20.673503
-0.495269,20.675193
-0.495353,20.676882
-0.495438,20.678572
-0.495522,20.680261
-0.495606,20.681950
-0.495691,20.683639
-0.495775,20.685328
-0.495859,20.687017
-0.495943,20.688706
-0.496028,20.690395
-0.496112,20.692083
-0.496196,20.693772
-0.496281,20.695461
-0.496365,20.697149
-0.496449,20.698838
-0.496534,20.700526
-0.496618,20.702214
-0.496703,20.703902
-0.496787,20.705590
-0.496871,20.707279
-0.496956,20.708967
-0.497040,20.710654
-0.497124,20.712342
-0.497209,20.714030
-0.497293,20.715718
-0.497378,20.717405
-0.497462,20.719093
-0.497546,20.720780
-0.497631,20.722468
-0.497715,20.724155
-0.497800,20.725842
-0.497884,20.727530
-0.497969,20.729217
-0.498053,20.730904
-0.498138,20.732591
-0.498222,20.734278
-0.498307,20.735964
-0.498391,20.737651
-0.498475,20.739338
-0.498560,20.741024
-0.498644,20.742711
-0.498729,20.744397
-0.498813,20.746084
-0.498898,20.747770
-0.498982,20.749456
-0.499067,20.751142
-0.499151,20.752829
-0.499236,20.754515
-0.499321,20.756201
-0.499405,20.757886
-0.499490,20.759572
-0.499574,20.761258
-0.499659,20.762944
-0.499743,20.764629
-0.499828,20.766315
-0.499912,20.768000
-0.499997,20.769685
-0.500082,20.771371
-0.500166,20.773056
-0.500251,20.774741
-0.500335,20.776426
-0.500420,20.778111
-0.500505,20.779796
-0.500589,20.781481
-0.500674,20.783166
-0.500758,20.784850
-0.500843,20.786535
-0.500928,20.788220
-0.501012,20.789904
-0.501097,20.791588
-0.501182,20.793273
-0.501266,20.794957
-0.501351,20.796641
-0.501436,20.798325
-0.501520,20.800009
-0.501605,20.801693
-0.501690,20.803377
-0.501774,20.805061
-0.501859,20.806745
-0.501944,20.808428
-0.502029,20.810112
-0.502113,20.811796
-0.502198,20.813479
-0.502283,20.815162
-0.502367,20.816846
-0.502452,20.818529
-0.502537,20.820212
-0.502622,20.821895
-0.502706,20.823578
-0.502791,20.825261
-0.502876,20.826944
-0.502961,20.828627
-0.503045,20.830310
-0.503130,20.831992
-0.503215,20.833675
-0.503300,20.835357
-0.503385,20.837040
-0.503469,20.838722
-0.503554,20.840404
-0.503639,20.842087
-0.503724,20.843769
-0.503809,20.845451
-0.503893,20.847133
-0.503978,20.848815
-0.504063,20.850497
-0.504148,20.852178
-0.504233,20.853860
-0.504318,20.855542
-0.504403,20.857223
-0.504487,20.858905
-0.504572,20.860586
-0.504657,20.862268
-0.504742,20.863949
-0.504827,20.865630
-0.504912,20.867311
-0.504997,20.868992
-0.505082,20.870673
-0.505167,20.872354
-0.505251,20.874035
-0.505336,20.875716
-0.505421,20.877396
-0.505506,20.879077
-0.505591,20.880758
-0.505676,20.882438
-0.505761,20.884118
-0.505846,20.885799
-0.505931,20.887479
-0.506016,20.889159
-0.506101,20.890839
-0.506186,20.892519
-0.506271,20.894199
-0.506356,20.895879
-0.506441,20.897559
-0.506526,20.899239
-0.506611,20.900918
-0.506696,20.902598
-0.506781,20.904277
-0.506866,20.905957
-0.506951,20.907636
-0.507036,20.909315
-0.507121,20.910995
-0.507206,20.912674
-0.507291,20.914353
-0.507376,20.916032
-0.507461,20.917711
-0.507546,20.919390
-0.507631,20.921068
-0.507716,20.922747
-0.507801,20.924426
-0.507886,20.926104
-0.507972,20.927783
-0.508057,20.929461
-0.508142,20.931140
-0.508227,20.932818
-0.508312,20.934496
-0.508397,20.936174
-0.508482,20.937852
-0.508567,20.939530
-0.508652,20.941208
-0.508738,20.942886
-0.508823,20.944564
-0.508908,20.946241
-0.508993,20.947919
-0.509078,20.949597
-0.509163,20.951274
-0.509249,20.952951
-0.509334,20.954629
-0.509419,20.956306
-0.509504,20.957983
-0.509589,20.959660
-0.509674,20.961337
-0.509760,20.963014
-0.509845,20.964691
-0.509930,20.966368
-0.510015,20.968045
-0.510100,20.969721
-0.510186,20.971398
-0.510271,20.973074
-0.510356,20.974751
-0.510441,20.976427
-0.510527,20.978104
-0.510612,20.979780
-0.510697,20.981456
-0.510782,20.983132
-0.510868,20.984808
-0.510953,20.986484
-0.511038,20.988160
-0.511124,20.989836
-0.511209,20.991511
-0.511294,20.993187
-0.511379,20.994863
-0.511465,20.996538
-0.511550,20.998213
-0.511635,20.999889
-0.511721,21.001564
-0.511806,21.003239
-0.511891,21.004914
-0.511977,21.006589
-0.512062,21.008264
-0.512147,21.009939
-0.512233,21.011614
-0.512318,21.013289
-0.512404,21.014964
-0.512489,21.016638
-0.512574,21.018313
-0.512660,21.019987
-0.512745,21.021662
-0.512830,21.023336
-0.512916,21.025010
-0.513001,21.026684
-0.513087,21.028358
-0.513172,21.030033
-0.513258,21.031706
-0.513343,21.033380
-0.513428,21.035054
-0.513514,21.036728
-0.513599,21.038402
-0.513685,21.040075
-0.513770,21.041749
-0.513856,21.043422
-0.513941,21.045096
-0.514027,21.046769
-0.514112,21.048442
-0.514198,21.050115
-0.514283,21.051788
-0.514368,21.053461
-0.514454,21.055134
-0.514539,21.056807
-0.514625,21.058480
-0.514711,21.060153
-0.514796,21.061825
-0.514882,21.063498
-0.514967,21.065170
-0.515053,21.066843
-0.515138,21.068515
-0.515224,21.070187
-0.515309,21.071860
-0.515395,21.073532
-0.515480,21.075204
-0.515566,21.076876
-0.515651,21.078548
-0.515737,21.080219
-0.515823,21.081891
-0.515908,21.083563
-0.515994,21.085235
-0.516079,21.086906
-0.516165,21.088578
-0.516251,21.090249
-0.516336,21.091920
-0.516422,21.093592
-0.516508,21.095263
-0.516593,21.096934
-0.516679,21.098605
-0.516764,21.100276
-0.516850,21.101947
-0.516936,21.103617
-0.517021,21.105288
-0.517107,21.106959
-0.517193,21.108630
-0.517278,21.110300
-0.517364,21.111970
-0.517450,21.113641
-0.517535,21.115311
-0.517621,21.116981
-0.517707,21.118652
-0.517793,21.120322
-0.517878,21.121992
-0.517964,21.123662
-0.518050,21.125331
-0.518135,21.127001
-0.518221,21.128671
-0.518307,21.130341
-0.518393,21.132010
-0.518478,21.133680
-0.518564,21.135349
-0.518650,21.137018
-0.518736,21.138688
-0.518821,21.140357
-0.518907,21.142026
-0.518993,21.143695
-0.519079,21.145364
-0.519165,21.147033
-0.519250,21.148702
-0.519336,21.150371
-0.519422,21.152039
-0.519508,21.153708
-0.519594,21.155376
-0.519679,21.157045
-0.519765,21.158713
-0.519851,21.160382
-0.519937,21.162050
-0.520023,21.163718
-0.520109,21.165386
-0.520194,21.167054
-0.520280,21.168722
-0.520366,21.170390
-0.520452,21.172058
-0.520538,21.173726
-0.520624,21.175393
-0.520710,21.177061
-0.520796,21.178728
-0.520881,21.180396
-0.520967,21.182063
-0.521053,21.183731
-0.521139,21.185398
-0.521225,21.187065
-0.521311,21.188732
-0.521397,21.190399
-0.521483,21.192066
-0.521569,21.193733
-0.521655,21.195400
-0.521741,21.197066
-0.521827,21.198733
-0.521913,21.200400
-0.521999,21.202066
-0.522085,21.203732
-0.522171,21.205399
-0.522257,21.207065
-0.522343,21.208731
-0.522429,21.210397
-0.522515,21.212063
-0.522601,21.213729
-0.522687,21.215395
-0.522773,21.217061
-0.522859,21.218727
-0.522945,21.220393
-0.523031,21.222058
-0.523117,21.223724
-0.523203,21.225389
-0.523289,21.227055
-0.523375,21.228720
-0.523461,21.230385
-0.523547,21.232050
-0.523633,21.233716
-0.523719,21.235381
-0.523805,21.237046
-0.523891,21.238710
-0.523977,21.240375
-0.524063,21.242040
-0.524150,21.243705
-0.524236,21.245369
-0.524322,21.247034
-0.524408,21.248698
-0.524494,21.250363
-0.524580,21.252027
-0.524666,21.253691
-0.524752,21.255355
-0.524839,21.257019
-0.524925,21.258683
-0.525011,21.260347
-0.525097,21.262011
-0.525183,21.263675
-0.525269,21.265339
-0.525356,21.267002
-0.525442,21.268666
-0.525528,21.270329
-0.525614,21.271993
-0.525700,21.273656
-0.525786,21.275319
-0.525873,21.276983
-0.525959,21.278646
-0.526045,21.280309
-0.526131,21.281972
-0.526218,21.283635
-0.526304,21.285298
-0.526390,21.286960
-0.526476,21.288623
-0.526563,21.290286
-0.526649,21.291948
-0.526735,21.293611
-0.526821,21.295273
-0.526908,21.296935
-0.526994,21.298598
-0.527080,21.300260
-0.527166,21.301922
-0.527253,21.303584
-0.527339,21.305246
-0.527425,21.306908
-0.527512,21.308570
-0.527598,21.310231
-0.527684,21.311893
-0.527771,21.313555
-0.527857,21.315216
-0.527943,21.316878
-0.528030,21.318539
-0.528116,21.320200
-0.528202,21.321862
-0.528289,21.323523
-0.528375,21.325184
-0.528461,21.326845
-0.528548,21.328506
-0.528634,21.330167
-0.528720,21.331827
-0.528807,21.333488
-0.528893,21.335149
-0.528980,21.336809
-0.529066,21.338470
-0.529152,21.340130
-0.529239,21.341791
-0.529325,21.343451
-0.529412,21.345111
-0.529498,21.346771
-0.529585,21.348431
-0.529671,21.350091
-0.529757,21.351751
-0.529844,21.353411
-0.529930,21.355071
-0.530017,21.356730
-0.530103,21.358390
-0.530190,21.360050
-0.530276,21.361709
-0.530363,21.363368
-0.530449,21.365028
-0.530536,21.366687
-0.530622,21.368346
-0.530709,21.370005
-0.530795,21.371664
-0.530882,21.373323
-0.530968,21.374982
-0.531055,21.376641
-0.531141,21.378300
-0.531228,21.379958
-0.531314,21.381617
-0.531401,21.383276
-0.531487,21.384934
-0.531574,21.386592
-0.531661,21.388251
-0.531747,21.389909
-0.531834,21.391567
-0.531920,21.393225
-0.532007,21.394883
-0.532093,21.396541
-0.532180,21.398199
-0.532267,21.399857
-0.532353,21.401514
-0.532440,21.403172
-0.532526,21.404830
-0.532613,21.406487
-0.532700,21.408145
-0.532786,21.409802
-0.532873,21.411459
-0.532960,21.413116
-0.533046,21.414774
-0.533133,21.416431
-0.533219,21.418088
-0.533306,21.419744
-0.533393,21.421401
-0.533479,21.423058
-0.533566,21.424715
-0.533653,21.426371
-0.533740,21.428028
-0.533826,21.429684
-0.533913,21.431341
-0.534000,21.432997
-0.534086,21.434653
-0.534173,21.436310
-0.534260,21.437966
-0.534346,21.439622
-0.534433,21.441278
-0.534520,21.442933
-0.534607,21.444589
-0.534693,21.446245
-0.534780,21.447901
-0.534867,21.449556
-0.534954,21.451212
-0.535040,21.452867
-0.535127,21.454523
-0.535214,21.456178
-0.535301,21.457833
-0.535388,21.459488
-0.535474,21.461143
-0.535561,21.462798
-0.535648,21.464453
-0.535735,21.466108
-0.535822,21.467763
-0.535908,21.469418
-0.535995,21.471072
-0.536082,21.472727
-0.536169,21.474381
-0.536256,21.476036
-0.536343,21.477690
-0.536429,21.479344
-0.536516,21.480999
-0.536603,21.482653
-0.536690,21.484307
-0.536777,21.485961
-0.536864,21.487615
-0.536951,21.489268
-0.537037,21.490922
-0.537124,21.492576
-0.537211,21.494230
-0.537298,21.495883
-0.537385,21.497537
-0.537472,21.499190
-0.537559,21.500843
-0.537646,21.502497
-0.537733,21.504150
-0.537820,21.505803
-0.537907,21.507456
-0.537994,21.509109
-0.538081,21.510762
-0.538167,21.512414
-0.538254,21.514067
-0.538341,21.515720
-0.538428,21.517372
-0.538515,21.519025
-0.538602,21.520677
-0.538689,21.522330
-0.538776,21.523982
-0.538863,21.525634
-0.538950,21.527286
-0.539037,21.528938
-0.539124,21.530590
-0.539211,21.532242
-0.539298,21.533894
-0.539385,21.535546
-0.539472,21.537198
-0.539559,21.538849
-0.539646,21.540501
-0.539734,21.542152
-0.539821,21.543804
-0.539908,21.545455
-0.539995,21.547106
-0.540082,21.548758
-0.540169,21.550409
-0.540256,21.552060
-0.540343,21.553711
-0.540430,21.555362
-0.540517,21.557013
-0.540604,21.558663
-0.540691,21.560314
-0.540779,21.561965
-0.540866,21.563615
-0.540953,21.565266
-0.541040,21.566916
-0.541127,21.568566
-0.541214,21.570217
-0.541301,21.571867
-0.541388,21.573517
-0.541476,21.575167
-0.541563,21.576817
-0.541650,21.578467
-0.541737,21.580116
-0.541824,21.581766
-0.541911,21.583416
-0.541999,21.585065
-0.542086,21.586715
-0.542173,21.588364
-0.542260,21.590014
-0.542347,21.591663
-0.542435,21.593312
-0.542522,21.594961
-0.542609,21.596610
-0.542696,21.598259
-0.542783,21.599908
-0.542871,21.601557
-0.542958,21.603206
-0.543045,21.604855
-0.543132,21.606503
-0.543220,21.608152
-0.543307,21.609800
-0.543394,21.611449
-0.543482,21.613097
-0.543569,21.614745
-0.543656,21.616394
-0.543743,21.618042
-0.543831,21.619690
-0.543918,21.621338
-0.544005,21.622986
-0.544093,21.624633
-0.544180,21.626281
-0.544267,21.627929
-0.544355,21.629576
-0.544442,21.631224
-0.544529,21.632871
-0.544617,21.634519
-0.544704,21.636166
-0.544791,21.637813
-0.544879,21.639461
-0.544966,21.641108
-0.545053,21.642755
-0.545141,21.644402
-0.545228,21.646048
-0.545315,21.647695
-0.545403,21.649342
-0.545490,21.650989
-0.545578,21.652635
-0.545665,21.654282
-0.545752,21.655928
-0.545840,21.657575
-0.545927,21.659221
-0.546015,21.660867
-0.546102,21.662513
-0.546189,21.664159
-0.546277,21.665805
-0.546364,21.667451
-0.546452,21.669097
-0.546539,21.670743
-0.546627,21.672388
-0.546714,21.674034
-0.546802,21.675680
-0.546889,21.677325
-0.546977,21.678971
-0.547064,21.680616
-0.547152,21.682261
-0.547239,21.683906
-0.547327,21.685551
-0.547414,21.687196
-0.547502,21.688841
-0.547589,21.690486
-0.547677,21.692131
-0.547764,21.693776
-0.547852,21.695421
-0.547939,21.697065
-0.548027,21.698710
-0.548114,21.700354
-0.548202,21.701998
-0.548289,21.703643
-0.548377,21.705287
-0.548465,21.706931
-0.548552,21.708575
-0.548640,21.710219
-0.548727,21.711863
-0.548815,21.713507
-0.548902,21.715151
-0.548990,21.716795
-0.549078,21.718438
-0.549165,21.720082
-0.549253,21.721725
-0.549340,21.723369
-0.549428,21.725012
-0.549516,21.726655
-0.549603,21.728299
-0.549691,21.729942
-0.549779,21.731585
-0.549866,21.733228
-0.549954,21.734871
-0.550042,21.736513
-0.550129,21.738156
-0.550217,21.739799
-0.550305,21.741442
-0.550392,21.743084
-0.550480,21.744727
-0.550568,21.746369
-0.550655,21.748011
-0.550743,21.749654
-0.550831,21.751296
-0.550919,21.752938
-0.551006,21.754580
-0.551094,21.756222
-0.551182,21.757864
-0.551269,21.759506
-0.551357,21.761147
-0.551445,21.762789
-0.551533,21.764431
-0.551620,21.766072
-0.551708,21.767713
-0.551796,21.769355
-0.551884,21.770996
-0.551971,21.772637
-0.552059,21.774279
-0.552147,21.775920
-0.552235,21.777561
-0.552323,21.779202
-0.552410,21.780842
-0.552498,21.782483
-0.552586,21.784124
-0.552674,21.785765
-0.552762,21.787405
-0.552849,21.789046
-0.552937,21.790686
-0.553025,21.792326
-0.553113,21.793967
-0.553201,21.795607
-0.553289,21.797247
-0.553377,21.798887
-0.553464,21.800527
-0.553552,21.802167
-0.553640,21.803807
-0.553728,21.805447
-0.553816,21.807086
-0.553904,21.808726
-0.553992,21.810365
-0.554080,21.812005
-0.554167,21.813644
-0.554255,21.815284
-0.554343,21.816923
-0.554431,21.818562
-0.554519,21.820201
-0.554607,21.821840
-0.554695,21.823479
-0.554783,21.825118
-0.554871,21.826757
-0.554959,21.828395
-0.555047,21.830034
-0.555135,21.831673
-0.555223,21.833311
-0.555311,21.834950
-0.555399,21.836588
-0.555487,21.838226
-0.555575,21.839864
-0.555663,21.841503
-0.555751,21.843141
-0.555839,21.844779
-0.555927,21.846417
-0.556015,21.848054
-0.556103,21.849692
-0.556191,21.851330
-0.556279,21.852968
-0.556367,21.854605
-0.556455,21.856243
-0.556543,21.857880
-0.556631,21.859517
-0.556719,21.861155
-0.556807,21.862792
-0.556895,21.864429
-0.556983,21.866066
-0.557071,21.867703
-0.557159,21.869340
-0.557247,21.870977
-0.557335,21.872613
-0.557423,21.874250
-0.557512,21.875887
-0.557600,21.877523
-0.557688,21.879160
-0.557776,21.880796
-0.557864,21.882432
-0.557952,21.884069
-0.558040,21.885705
-0.558128,21.887341
-0.558216,21.888977
-0.558305,21.890613
-0.558393,21.892249
-0.558481,21.893885
-0.558569,21.895520
-0.558657,21.897156
-0.558745,21.898791
-0.558834,21.900427
-0.558922,21.902062
-0.559010,21.903698
-0.559098,21.905333
-0.559186,21.906968
-0.559275,21.908603
-0.559363,21.910238
-0.559451,21.911873
-0.559539,21.913508
-0.559627,21.915143
-0.559716,21.916778
-0.559804,21.918413
-0.559892,21.920047
-0.559980,21.921682
-0.560069,21.923316
-0.560157,21.924951
-0.560245,21.926585
-0.560333,21.928219
-0.560422,21.929854
-0.560510,21.931488
-0.560598,21.933122
-0.560686,21.934756
-0.560775,21.936389
-0.560863,21.938023
-0.560951,21.939657
-0.561040,21.941291
-0.561128,21.942924
-0.561216,21.944558
-0.561304,21.946191
-0.561393,21.947825
-0.561481,21.949458
-0.561569,21.951091
-0.561658,21.952724
-0.561746,21.954357
-0.561834,21.955990
-0.561923,21.957623
-0.562011,21.959256
-0.562100,21.960889
-0.562188,21.962522
-0.562276,21.964154
-0.562365,21.965787
-0.562453,21.967419
-0.562541,21.969052
-0.562630,21.970684
-0.562718,21.972316
-0.562807,21.973949
-0.562895,21.975581
-0.562983,21.977213
-0.563072,21.978845
-0.563160,21.980477
-0.563249,21.982109
-0.563337,21.983740
-0.563426,21.985372
-0.563514,21.987004
-0.563602,21.988635
-0.563691,21.990267
-0.563779,21.991898
-0.563868,21.993529
-0.563956,21.995161
-0.564045,21.996792
-0.564133,21.998423
-0.564222,22.000054
-0.564310,22.001685
-0.564399,22.003316
-0.564487,22.004947
-0.564576,22.006577
-0.564664,22.008208
-0.564753,22.009839
-0.564841,22.011469
-0.564930,22.013099
-0.565018,22.014730
-0.565107,22.016360
-0.565195,22.017990
-0.565284,22.019621
-0.565372,22.021251
-0.565461,22.022881
-0.565550,22.024510
-0.565638,22.026140
-0.565727,22.027770
-0.565815,22.029400
-0.565904,22.031029
-0.565992,22.032659
-0.566081,22.034289
-0.566170,22.035918
-0.566258,22.037547
-0.566347,22.039177
-0.566435,22.040806
-0.566524,22.042435
-0.566613,22.044064
-0.566701,22.045693
-0.566790,22.047322
-0.566879,22.048951
-0.566967,22.050579
-0.567056,22.052208
-0.567145,22.053837
-0.567233,22.055465
-0.567322,22.057094
-0.567411,22.058722
-0.567499,22.060350
-0.567588,22.061979
-0.567677,22.063607
-0.567765,22.065235
-0.567854,22.066863
-0.567943,22.068491
-0.568031,22.070119
-0.568120,22.071746
-0.568209,22.073374
-0.568297,22.075002
-0.568386,22.076629
-0.568475,22.078257
-0.568564,22.079884
-0.568652,22.081512
-0.568741,22.083139
-0.568830,22.084766
-0.568919,22.086393
-0.569007,22.088020
-0.569096,22.089647
-0.569185,22.091274
-0.569274,22.092901
-0.569362,22.094528
-0.569451,22.096155
-0.569540,22.097781
-0.569629,22.099408
-0.569718,22.101034
-0.569806,22.102661
-0.569895,22.104287
-0.569984,22.105913
-0.570073,22.107539
-0.570162,22.109165
-0.570251,22.110791
-0.570339,22.112417
-0.570428,22.114043
-0.570517,22.115669
-0.570606,22.117295
-0.570695,22.118921
-0.570784,22.120546
-0.570872,22.122172
-0.570961,22.123797
-0.571050,22.125422
-0.571139,22.127048
-0.571228,22.128673
-0.571317,22.130298
-0.571406,22.131923
-0.571495,22.133548
-0.571584,22.135173
-0.571672,22.136798
-0.571761,22.138423
-0.571850,22.140047
-0.571939,22.141672
-0.572028,22.143297
-0.572117,22.144921
-0.572206,22.146546
-0.572295,22.148170
-0.572384,22.149794
-0.572473,22.151418
-0.572562,22.153043
-0.572651,22.154667
-0.572740,22.156291
-0.572829,22.157914
-0.572918,22.159538
-0.573007,22.161162
-0.573096,22.162786
-0.573185,22.164409
-0.573274,22.166033
-0.573363,22.167656
-0.573452,22.169280
-0.573541,22.170903
-0.573630,22.172526
-0.573719,22.174149
-0.573808,22.175773
-0.573897,22.177396
-0.573986,22.179019
-0.574075,22.180641
-0.574164,22.182264
-0.574253,22.183887
-0.574342,22.185510
-0.574431,22.187132
-0.574520,22.188755
-0.574609,22.190377
-0.574698,22.191999
-0.574787,22.193622
-0.574876,22.195244
-0.574966,22.196866
-0.575055,22.198488
-0.575144,22.200110
-0.575233,22.201732
-0.575322,22.203354
-0.575411,22.204976
-0.575500,22.206597
-0.575589,22.208219
-0.575679,22.209841
-0.575768,22.211462
-0.575857,22.213083
-0.575946,22.214705
-0.576035,22.216326
-0.576124,22.217947
-0.576213,22.219568
-0.576303,22.221189
-0.576392,22.222810
-0.576481,22.224431
-0.576570,22.226052
-0.576659,22.227673
-0.576749,22.229293
-0.576838,22.230914
-0.576927,22.232535
-0.577016,22.234155
-0.577105,22.235775
-0.577195,22.237396
-0.577284,22.239016
-0.577373,22.240636
-0.577462,22.242256
-0.577551,22.243876
-0.577641,22.245496
-0.577730,22.247116
-0.577819,22.248736
-0.577908,22.250355
-0.577998,22.251975
-0.578087,22.253595
-0.578176,22.255214
-0.578266,22.256834
-0.578355,22.258453
-0.578444,22.260072
-0.578533,22.261691
-0.578623,22.263311
-0.578712,22.264930
-0.578801,22.266549
-0.578891,22.268167
-0.578980,22.269786
-0.579069,22.271405
-0.579159,22.273024
-0.579248,22.274642
-0.579337,22.276261
-0.579427,22.277879
-0.579516,22.279498
-0.579605,22.281116
-0.579695,22.282734
-0.579784,22.284352
-0.579873,22.285971
-0.579963,22.287589
-0.580052,22.289207
-0.580142,22.290824
-0.580231,22.292442
-0.580320,22.294060
-0.580410,22.295678
-0.580499,22.297295
-0.580589,22.298913
-0.580678,22.300530
-0.580767,22.302148
-0.580857,22.303765
-0.580946,22.305382
-0.581036,22.306999
-0.581125,22.308616
-0.581215,22.310233
-0.581304,22.311850
-0.581393,22.313467
-0.581483,22.315084
-0.581572,22.316700
-0.581662,22.318317
-0.581751,22.319934
-0.581841,22.321550
-0.581930,22.323167
-0.582020,22.324783
-0.582109,22.326399
-0.582199,22.328015
-0.582288,22.329631
-0.582378,22.331247
-0.582467,22.332863
-0.582557,22.334479
-0.582646,22.336095
-0.582736,22.337711
-0.582825,22.339327
-0.582915,22.340942
-0.583004,22.342558
-0.583094,22.344173
-0.583184,22.345789
-0.583273,22.347404
-0.583363,22.349019
-0.583452,22.350634
-0.583542,22.352249
-0.583631,22.353864
-0.583721,22.355479
-0.583811,22.357094
-0.583900,22.358709
-0.583990,22.360324
-0.584079,22.361938
-0.584169,22.363553
-0.584259,22.365167
-0.584348,22.366782
-0.584438,22.368396
-0.584527,22.370010
-0.584617,22.371625
-0.584707,22.373239
-0.584796,22.374853
-0.584886,22.376467
-0.584976,22.378081
-0.585065,22.379694
-0.585155,22.381308
-0.585245,22.382922
-0.585334,22.384536
-0.585424,22.386149
-0.585514,22.387763
-0.585603,22.389376
-0.585693,22.390989
-0.585783,22.392602
-0.585872,22.394216
-0.585962,22.395829
-0.586052,22.397442
-0.586142,22.399055
-0.586231,22.400668
-0.586321,22.402280
-0.586411,22.403893
-0.586501,22.405506
-0.586590,22.407118
-0.586680,22.408731
-0.586770,22.410343
-0.586860,22.411956
-0.586949,22.413568
-0.587039,22.415180
-0.587129,22.416792
-0.587219,22.418404
-0.587308,22.420016
-0.587398,22.421628
-0.587488,22.423240
-0.587578,22.424852
-0.587668,22.426464
-0.587757,22.428075
-0.587847,22.429687
-0.587937,22.431298
-0.588027,22.432910
-0.588117,22.434521
-0.588206,22.436132
-0.588296,22.437743
-0.588386,22.439355
-0.588476,22.440966
-0.588566,22.442577
-0.588656,22.444187
-0.588746,22.445798
-0.588835,22.447409
-0.588925,22.449020
-0.589015,22.450630
-0.589105,22.452241
-0.589195,22.453851
-0.589285,22.455462
-0.589375,22.457072
-0.589465,22.458682
-0.589555,22.460292
-0.589644,22.461902
-0.589734,22.463512
-0.589824,22.465122
-0.589914,22.466732
-0.590004,22.468342
-0.590094,22.469952
-0.590184,22.471561
-0.590274,22.473171
-0.590364,22.474780
-0.590454,22.476390
-0.590544,22.477999
-0.590634,22.479608
-0.590724,22.481218
-0.590814,22.482827
-0.590904,22.484436
-0.590994,22.486045
-0.591084,22.487654
-0.591174,22.489263
-0.591264,22.490871
-0.591354,22.492480
-0.591444,22.494089
-0.591534,22.495697
-0.591624,22.497306
-0.591714,22.498914
-0.591804,22.500522
-0.591894,22.502131
-0.591984,22.503739
-0.592074,22.505347
-0.592164,22.506955
-0.592254,22.508563
-0.592344,22.510171
-0.592434,22.511778
-0.592524,22.513386
-0.592614,22.514994
-0.592704,22.516601
-0.592794,22.518209
-0.592884,22.519816
-0.592975,22.521424
-0.593065,22.523031
-0.593155,22.524638
-0.593245,22.526245
-0.593335,22.527852
-0.593425,22.529459
-0.593515,22.531066
-0.593605,22.532673
-0.593695,22.534280
-0.593786,22.535887
-0.593876,22.537493
-0.593966,22.539100
-0.594056,22.540706
-0.594146,22.542313
-0.594236,22.543919
-0.594326,22.545525
-0.594417,22.547131
-0.594507,22.548738
-0.594597,22.550344
-0.594687,22.551950
-0.594777,22.553555
-0.594868,22.555161
-0.594958,22.556767
-0.595048,22.558373
-0.595138,22.559978
-0.595228,22.561584
-0.595319,22.563189
-0.595409,22.564795
-0.595499,22.566400
-0.595589,22.568005
-0.595680,22.569610
-0.595770,22.571215
-0.595860,22.572820
-0.595950,22.574425
-0.596041,22.576030
-0.596131,22.577635
-0.596221,22.579240
-0.596311,22.580844
-0.596402,22.582449
-0.596492,22.584053
-0.596582,22.585658
-0.596672,22.587262
-0.596763,22.588866
-0.596853,22.590471
-0.596943,22.592075
-0.597034,22.593679
-0.597124,22.595283
-0.597214,22.596887
-0.597305,22.598490
-0.597395,22.600094
-0.597485,22.601698
-0.597576,22.603302
-0.597666,22.604905
-0.597756,22.606509
-0.597847,22.608112
-0.597937,22.609715
-0.598027,22.611318
-0.598118,22.612922
-0.598208,22.614525
-0.598299,22.616128
-0.598389,22.617731
-0.598479,22.619334
-0.598570,22.620936
-0.598660,22.622539
-0.598751,22.624142
-0.598841,22.625744
-0.598931,22.627347
-0.599022,22.628949
-0.599112,22.630552
-0.599203,22.632154
-0.599293,22.633756
-0.599384,22.635358
-0.599474,22.636960
-0.599564,22.638562
-0.599655,22.640164
-0.599745,22.641766
-0.599836,22.643368
-0.599926,22.644969
-0.600017,22.646571
-0.600107,22.648173
-0.600198,22.649774
-0.600288,22.651375
-0.600379,22.652977
-0.600469,22.654578
-0.600560,22.656179
-0.600650,22.657780
-0.600741,22.659381
-0.600831,22.660982
-0.600922,22.662583
-0.601012,22.664184
-0.601103,22.665785
-0.601193,22.667385
-0.601284,22.668986
-0.601374,22.670587
-0.601465,22.672187
-0.601556,22.673787
-0.601646,22.675388
-0.601737,22.676988
-0.601827,22.678588
-0.601918,22.680188
-0.602008,22.681788
-0.602099,22.683388
-0.602190,22.684988
-0.602280,22.686588
-0.602371,22.688187
-0.602461,22.689787
-0.602552,22.691386
-0.602643,22.692986
-0.602733,22.694585
-0.602824,22.696185
-0.602914,22.697784
-0.603005,22.699383
-0.603096,22.700982
-0.603186,22.702581
-0.603277,22.704180
-0.603368,22.705779
-0.603458,22.707378
-0.603549,22.708977
-0.603640,22.710575
-0.603730,22.712174
-0.603821,22.713773
-0.603912,22.715371
-0.604002,22.716969
-0.604093,22.718568
-0.604184,22.720166
-0.604274,22.721764
-0.604365,22.723362
-0.604456,22.724960
-0.604547,22.726558
-0.604637,22.728156
-0.604728,22.729754
-0.604819,22.731351
-0.604909,22.732949
-0.605000,22.734547
-0.605091,22.736144
-0.605182,22.737742
-0.605272,22.739339
-0.605363,22.740936
-0.605454,22.742533
-0.605545,22.744131
-0.605636,22.745728
-0.605726,22.747325
-0.605817,22.748922
-0.605908,22.750518
-0.605999,22.752115
-0.606089,22.753712
-0.606180,22.755308
-0.606271,22.756905
-0.606362,22.758501
-0.606453,22.760098
-0.606544,22.761694
-0.606634,22.763290
-0.606725,22.764887
-0.606816,22.766483
-0.606907,22.768079
-0.606998,22.769675
-0.607089,22.771270
-0.607179,22.772866
-0.607270,22.774462
-0.607361,22.776058
-0.607452,22.777653
-0.607543,22.779249
-0.607634,22.780844
-0.607725,22.782440
-0.607816,22.784035
-0.607906,22.785630
-0.607997,22.787225
-0.608088,22.788820
-0.608179,22.790415
-0.608270,22.792010
-0.608361,22.793605
-0.608452,22.795200
-0.608543,22.796794
-0.608634,22.798389
-0.608725,22.799984
-0.608816,22.801578
-0.608907,22.803172
-0.608998,22.804767
-0.609088,22.806361
-0.609179,22.807955
-0.609270,22.809549
-0.609361,22.811143
-0.609452,22.812737
-0.609543,22.814331
-0.609634,22.815925
-0.609725,22.817519
-0.609816,22.819112
-0.609907,22.820706
-0.609998,22.822300
-0.610089,22.823893
-0.610180,22.825486
-0.610271,22.827080
-0.610362,22.828673
-0.610453,22.830266
-0.610544,22.831859
-0.610635,22.833452
-0.610727,22.835045
-0.610818,22.836638
-0.610909,22.838231
-0.611000,22.839823
-0.611091,22.841416
-0.611182,22.843009
-0.611273,22.844601
-0.611364,22.846193
-0.611455,22.847786
-0.611546,22.849378
-0.611637,22.850970
-0.611728,22.852562
-0.611819,22.854154
-0.611911,22.855746
-0.612002,22.857338
-0.612093,22.858930
-0.612184,22.860522
-0.612275,22.862114
-0.612366,22.863705
-0.612457,22.865297
-0.612548,22.866888
-0.612640,22.868479
-0.612731,22.870071
-0.612822,22.871662
-0.612913,22.873253
-0.613004,22.874844
-0.613095,22.876435
-0.613187,22.878026
-0.613278,22.879617
-0.613369,22.881208
-0.613460,22.882799
-0.613551,22.884389
-0.613642,22.885980
-0.613734,22.887570
-0.613825,22.889161
-0.613916,22.890751
-0.614007,22.892341
-0.614099,22.893932
-0.614190,22.895522
-0.614281,22.897112
-0.614372,22.898702
-0.614463,22.900292
-0.614555,22.901881
-0.614646,22.903471
-0.614737,22.905061
-0.614828,22.906650
-0.614920,22.908240
-0.615011,22.909829
-0.615102,22.911419
-0.615194,22.913008
-0.615285,22.914597
-0.615376,22.916187
-0.615467,22.917776
-0.615559,22.919365
-0.615650,22.920954
-0.615741,22.922543
-0.615833,22.924131
-0.615924,22.925720
-0.616015,22.927309
-0.616107,22.928897
-0.616198,22.930486
-0.616289,22.932074
-0.616381,22.933663
-0.616472,22.935251
-0.616563,22.936839
-0.616655,22.938427
-0.616746,22.940015
-0.616837,22.941603
-0.616929,22.943191
-0.617020,22.944779
-0.617111,22.946367
-0.617203,22.947954
-0.617294,22.949542
-0.617386,22.951130
-0.617477,22.952717
-0.617568,22.954305
-0.617660,22.955892
-0.617751,22.957479
-0.617843,22.959066
-0.617934,22.960653
-0.618026,22.962240
-0.618117,22.963827
-0.618208,22.965414
-0.618300,22.967001
-0.618391,22.968588
-0.618483,22.970174
-0.618574,22.971761
-0.618666,22.973348
-0.618757,22.974934
-0.618849,22.976520
-0.618940,22.978107
-0.619032,22.979693
-0.619123,22.981279
-0.619214,22.982865
-0.619306,22.984451
-0.619397,22.986037
-0.619489,22.987623
-0.619580,22.989209
-0.619672,22.990794
-0.619764,22.992380
-0.619855,22.993966
-0.619947,22.995551
-0.620038,22.997136
-0.620130,22.998722
-0.620221,23.000307
-0.620313,23.001892
-0.620404,23.003477
-0.620496,23.005062
-0.620587,23.006647
-0.620679,23.008232
-0.620771,23.009817
-0.620862,23.011402
-0.620954,23.012986
-0.621045,23.014571
-0.621137,23.016156
-0.621228,23.017740
-0.621320,23.019324
-0.621412,23.020909
-0.621503,23.022493
-0.621595,23.024077
-0.621686,23.025661
-0.621778,23.027245
-0.621870,23.028829
-0.621961,23.030413
-0.622053,23.031997
-0.622145,23.033580
-0.622236,23.035164
-0.622328,23.036748
-0.622420,23.038331
-0.622511,23.039915
-0.622603,23.041498
-0.622695,23.043081
-0.622786,23.044664
-0.622878,23.046247
-0.622970,23.047831
-0.623061,23.049413
-0.623153,23.050996
-0.623245,23.052579
-0.623336,23.054162
-0.623428,23.055745
-0.623520,23.057327
-0.623611,23.058910
-0.623703,23.060492
-0.623795,23.062075
-0.623887,23.063657
-0.623978,23.065239
-0.624070,23.066821
-0.624162,23.068403
-0.624254,23.069985
-0.624345,23.071567
-0.624437,23.073149
-0.624529,23.074731
-0.624621,23.076313
-0.624712,23.077894
-0.624804,23.079476
-0.624896,23.081057
-0.624988,23.082639
-0.625080,23.084220
-0.625171,23.085802
-0.625263,23.087383
-0.625355,23.088964
-0.625447,23.090545
-0.625539,23.092126
-0.625630,23.093707
-0.625722,23.095288
-0.625814,23.096868
-0.625906,23.098449
-0.625998,23.100030
-0.626090,23.101610
-0.626181,23.103191
-0.626273,23.104771
-0.626365,23.106351
-0.626457,23.107932
-0.626549,23.109512
-0.626641,23.111092
-0.626733,23.112672
-0.626825,23.114252
-0.626916,23.115832
-0.627008,23.117412
-0.627100,23.118991
-0.627192,23.120571
-0.627284,23.122151
-0.627376,23.123730
-0.627468,23.125310
-0.627560,23.126889
-0.627652,23.128468
-0.627744,23.130047
-0.627836,23.131626
-0.627927,23.133206
-0.628019,23.134785
-0.628111,23.136363
-0.628203,23.137942
-0.628295,23.139521
-0.628387,23.141100
-0.628479,23.142678
-0.628571,23.144257
-0.628663,23.145835
-0.628755,23.147414
-0.628847,23.148992
-0.628939,23.150570
-0.629031,23.152149
-0.629123,23.153727
-0.629215,23.155305
-0.629307,23.156883
-0.629399,23.158461
-0.629491,23.160038
-0.629583,23.161616
-0.629675,23.163194
-0.629767,23.164771
-0.629859,23.166349
-0.629951,23.167926
-0.630043,23.169504
-0.630135,23.171081
-0.630227,23.172658
-0.630319,23.174235
-0.630412,23.175812
-0.630504,23.177389
-0.630596,23.178966
-0.630688,23.180543
-0.630780,23.182120
-0.630872,23.183697
-0.630964,23.185273
-0.631056,23.186850
-0.631148,23.188426
-0.631240,23.190003
-0.631332,23.191579
-0.631425,23.193155
-0.631517,23.194731
-0.631609,23.196308
-0.631701,23.197884
-0.631793,23.199460
-0.631885,23.201035
-0.631977,23.202611
-0.632070,23.204187
-0.632162,23.205763
-0.632254,23.207338
-0.632346,23.208914
-0.632438,23.210489
-0.632530,23.212065
-0.632623,23.213640
-0.632715,23.215215
-0.632807,23.216790
-0.632899,23.218365
-0.632991,23.219940
-0.633083,23.221515
-0.633176,23.223090
-0.633268,23.224665
-0.633360,23.226240
-0.633452,23.227814
-0.633545,23.229389
-0.633637,23.230963
-0.633729,23.232538
-0.633821,23.234112
-0.633913,23.235686
-0.634006,23.237261
-0.634098,23.238835
-0.634190,23.240409
-0.634282,23.241983
-0.634375,23.243557
-0.634467,23.245130
-0.634559,23.246704
-0.634652,23.248278
-0.634744,23.249851
-0.634836,23.251425
-0.634928,23.252998
-0.635021,23.254572
-0.635113,23.256145
-0.635205,23.257718
-0.635298,23.259292
-0.635390,23.260865
-0.635482,23.262438
-0.635575,23.264011
-0.635667,23.265583
-0.635759,23.267156
-0.635852,23.268729
-0.635944,23.270302
-0.636036,23.271874
-0.636129,23.273447
-0.636221,23.275019
-0.636313,23.276591
-0.636406,23.278164
-0.636498,23.279736
-0.636591,23.281308
-0.636683,23.282880
-0.636775,23.284452
-0.636868,23.286024
-0.636960,23.287596
-0.637052,23.289168
-0.637145,23.290739
-0.637237,23.292311
-0.637330,23.293882
-0.637422,23.295454
-0.637515,23.297025
-0.637607,23.298597
-0.637699,23.300168
-0.637792,23.301739
-0.637884,23.303310
-0.637977,23.304881
-0.638069,23.306452
-0.638162,23.308023
-0.638254,23.309594
-0.638347,23.311164
-0.638439,23.312735
-0.638532,23.314306
-0.638624,23.315876
-0.638716,23.317446
-0.638809,23.319017
-0.638901,23.320587
-0.638994,23.322157
-0.639086,23.323727
-0.639179,23.325298
-0.639271,23.326868
-0.639364,23.328437
-0.639457,23.330007
-0.639549,23.331577
-0.639642,23.333147
-0.639734,23.334716
-0.639827,23.336286
-0.639919,23.337855
-0.640012,23.339425
-0.640104,23.340994
-0.640197,23.342563
-0.640289,23.344132
-0.640382,23.345702
-0.640475,23.347271
-0.640567,23.348840
-0.640660,23.350408
-0.640752,23.351977
-0.640845,23.353546
-0.640938,23.355115
-0.641030,23.356683
-0.641123,23.358252
-0.641215,23.359820
-0.641308,23.361388
-0.641401,23.362957
-0.641493,23.364525
-0.641586,23.366093
-0.641678,23.367661
-0.641771,23.369229
-0.641864,23.370797
-0.641956,23.372365
-0.642049,23.373933
-0.642142,23.375500
-0.642234,23.377068
-0.642327,23.378636
-0.642420,23.380203
-0.642512,23.381770
-0.642605,23.383338
-0.642698,23.384905
-0.642790,23.386472
-0.642883,23.388039
-0.642976,23.389606
-0.643068,23.391173
-0.643161,23.392740
-0.643254,23.394307
-0.643347,23.395874
-0.643439,23.397440
-0.643532,23.399007
-0.643625,23.400573
-0.643718,23.402140
-0.643810,23.403706
-0.643903,23.405272
-0.643996,23.406839
-0.644089,23.408405
-0.644181,23.409971
-0.644274,23.411537
-0.644367,23.413103
-0.644460,23.414669
-0.644552,23.416234
-0.644645,23.417800
-0.644738,23.419366
-0.644831,23.420931
-0.644923,23.422497
-0.645016,23.424062
-0.645109,23.425628
-0.645202,23.427193
-0.645295,23.428758
-0.645388,23.430323
-0.645480,23.431888
-0.645573,23.433453
-0.645666,23.435018
-0.645759,23.436583
-0.645852,23.438147
-0.645945,23.439712
-0.646037,23.441277
-0.646130,23.442841
-0.646223,23.444406
-0.646316,23.445970
-0.646409,23.447534
-0.646502,23.449099
-0.646595,23.450663
-0.646687,23.452227
-0.646780,23.453791
-0.646873,23.455355
-0.646966,23.456919
-0.647059,23.458482
-0.647152,23.460046
-0.647245,23.461610
-0.647338,23.463173
-0.647431,23.464737
-0.647524,23.466300
-0.647617,23.467863
-0.647709,23.469427
-0.647802,23.470990
-0.647895,23.472553
-0.647988,23.474116
-0.648081,23.475679
-0.648174,23.477242
-0.648267,23.478805
-0.648360,23.480367
-0.648453,23.481930
-0.648546,23.483493
-0.648639,23.485055
-0.648732,23.486618
-0.648825,23.488180
-0.648918,23.489742
-0.649011,23.491305
-0.649104,23.492867
-0.649197,23.494429
-0.649290,23.495991
-0.649383,23.497553
-0.649476,23.499115
-0.649569,23.500676
-0.649662,23.502238
-0.649755,23.503800
-0.649848,23.505361
-0.649941,23.506923
-0.650034,23.508484
-0.650127,23.510046
-0.650220,23.511607
-0.650313,23.513168
-0.650406,23.514729
-0.650500,23.516290
-0.650593,23.517851
-0.650686,23.519412
-0.650779,23.520973
-0.650872,23.522534
-0.650965,23.524094
-0.651058,23.525655
-0.651151,23.527215
-0.651244,23.528776
-0.651337,23.530336
-0.651431,23.531896
-0.651524,23.533457
-0.651617,23.535017
-0.651710,23.536577
-0.651803,23.538137
-0.651896,23.539697
-0.651989,23.541257
-0.652082,23.542817
-0.652176,23.544376
-0.652269,23.545936
-0.652362,23.547495
-0.652455,23.549055
-0.652548,23.550614
-0.652641,23.552174
-0.652735,23.553733
-0.652828,23.555292
-0.652921,23.556851
-0.653014,23.558410
-0.653107,23.559969
-0.653201,23.561528
-0.653294,23.563087
-0.653387,23.564646
-0.653480,23.566204
-0.653573,23.567763
-0.653667,23.569322
-0.653760,23.570880
-0.653853,23.572438
-0.653946,23.573997
-0.654040,23.575555
-0.654133,23.577113
-0.654226,23.578671
-0.654319,23.580229
-0.654413,23.581787
-0.654506,23.583345
-0.654599,23.584903
-0.654692,23.586460
-0.654786,23.588018
-0.654879,23.589576
-0.654972,23.591133
-0.655066,23.592691
-0.655159,23.594248
-0.655252,23.595805
-0.655345,23.597362
-0.655439,23.598920
-0.655532,23.600477
-0.655625,23.602034
-0.655719,23.603590
-0.655812,23.605147
-0.655905,23.606704
-0.655999,23.608261
-0.656092,23.609817
-0.656185,23.611374
-0.656279,23.612930
-0.656372,23.614487
-0.656466,23.616043
-0.656559,23.617599
-0.656652,23.619155
-0.656746,23.620711
-0.656839,23.622267
-0.656932,23.623823
-0.657026,23.625379
-0.657119,23.626935
-0.657213,23.628491
-0.657306,23.630046
-0.657399,23.631602
-0.657493,23.633158
-0.657586,23.634713
-0.657680,23.636268
-0.657773,23.637824
-0.657866,23.639379
-0.657960,23.640934
-0.658053,23.642489
-0.658147,23.644044
-0.658240,23.645599
-0.658334,23.647154
-0.658427,23.648708
-0.658521,23.650263
-0.658614,23.651818
-0.658708,23.653372
-0.658801,23.654927
-0.658895,23.656481
-0.658988,23.658035
-0.659081,23.659590
-0.659175,23.661144
-0.659268,23.662698
-0.659362,23.664252
-0.659455,23.665806
-0.659549,23.667360
-0.659643,23.668913
-0.659736,23.670467
-0.659830,23.672021
-0.659923,23.673574
-0.660017,23.675128
-0.660110,23.676681
-0.660204,23.678235
-0.660297,23.679788
-0.660391,23.681341
-0.660484,23.682894
-0.660578,23.684447
-0.660671,23.686000
-0.660765,23.687553
-0.660859,23.689106
-0.660952,23.690659
-0.661046,23.692212
-0.661139,23.693764
-0.661233,23.695317
-0.661327,23.696869
-0.661420,23.698422
-0.661514,23.699974
-0.661607,23.701526
-0.661701,23.703078
-0.661795,23.704630
-0.661888,23.706182
-0.661982,23.707734
-0.662076,23.709286
-0.662169,23.710838
-0.662263,23.712390
-0.662356,23.713941
-0.662450,23.715493
-0.662544,23.717044
-0.662637,23.718596
-0.662731,23.720147
-0.662825,23.721698
-0.662918,23.723250
-0.663012,23.724801
-0.663106,23.726352
-0.663199,23.727903
-0.663293,23.729454
-0.663387,23.731005
-0.663481,23.732555
-0.663574,23.734106
-0.663668,23.735657
-0.663762,23.737207
-0.663855,23.738758
-0.663949,23.740308
-0.664043,23.741858
-0.664137,23.743409
-0.664230,23.744959
-0.664324,23.746509
-0.664418,23.748059
-0.664512,23.749609
-0.664605,23.751159
-0.664699,23.752708
-0.664793,23.754258
-0.664887,23.755808
-0.664980,23.757357
-0.665074,23.758907
-0.665168,23.760456
-0.665262,23.762006
-0.665355,23.763555
-0.665449,23.765104
-0.665543,23.766653
-0.665637,23.768202
-0.665731,23.769751
-0.665825,23.771300
-0.665918,23.772849
-0.666012,23.774398
-0.666106,23.775947
-0.666200,23.777495
-0.666294,23.779044
-0.666387,23.780592
-0.666481,23.782141
-0.666575,23.783689
-0.666669,23.785237
-0.666763,23.786785
-0.666857,23.788333
-0.666951,23.789881
-0.667044,23.791429
-0.667138,23.792977
-0.667232,23.794525
-0.667326,23.796073
-0.667420,23.797620
-0.667514,23.799168
-0.667608,23.800715
-0.667702,23.802263
-0.667796,23.803810
-0.667890,23.805358
-0.667983,23.806905
-0.668077,23.808452
-0.668171,23.809999
-0.668265,23.811546
-0.668359,23.813093
-0.668453,23.814640
-0.668547,23.816186
-0.668641,23.817733
-0.668735,23.819280
-0.668829,23.820826
-0.668923,23.822373
-0.669017,23.823919
-0.669111,23.825465
-0.669205,23.827012
-0.669299,23.828558
-0.669393,23.830104
-0.669487,23.831650
-0.669581,23.833196
-0.669675,23.834742
-0.669769,23.836288
-0.669863,23.837833
-0.669957,23.839379
-0.670051,23.840925
-0.670145,23.842470
-0.670239,23.844016
-0.670333,23.845561
-0.670427,23.847106
-0.670521,23.848651
-0.670615,23.850196
-0.670709,23.851742
-0.670803,23.853287
-0.670897,23.854831
-0.670991,23.856376
-0.671085,23.857921
-0.671179,23.859466
-0.671273,23.861010
-0.671367,23.862555
-0.671461,23.864099
-0.671556,23.865644
-0.671650,23.867188
-0.671744,23.868732
-0.671838,23.870276
-0.671932,23.871821
-0.672026,23.873365
-0.672120,23.874909
-0.672214,23.876452
-0.672308,23.877996
-0.672403,23.879540
-0.672497,23.881084
-0.672591,23.882627
-0.672685,23.884171
-0.672779,23.885714
-0.672873,23.887257
-0.672967,23.888801
-0.673062,23.890344
-0.673156,23.891887
-0.673250,23.893430
-0.673344,23.894973
-0.673438,23.896516
-0.673532,23.898059
-0.673627,23.899602
-0.673721,23.901144
-0.673815,23.902687
-0.673909,23.904230
-0.674003,23.905772
-0.674098,23.907314
-0.674192,23.908857
-0.674286,23.910399
-0.674380,23.911941
-0.674474,23.913483
-0.674569,23.915025
-0.674663,23.916567
-0.674757,23.918109
-0.674851,23.919651
-0.674946,23.921193
-0.675040,23.922734
-0.675134,23.924276
-0.675228,23.925817
-0.675323,23.927359
-0.675417,23.928900
-0.675511,23.930441
-0.675605,23.931983
-0.675700,23.933524
-0.675794,23.935065
-0.675888,23.936606
-0.675983,23.938147
-0.676077,23.939688
-0.676171,23.941228
-0.676266,23.942769
-0.676360,23.944310
-0.676454,23.945850
-0.676548,23.947391
-0.676643,23.948931
-0.676737,23.950471
-0.676831,23.952012
-0.676926,23.953552
-0.677020,23.955092
-0.677114,23.956632
-0.677209,23.958172
-0.677303,23.959712
-0.677398,23.961251
-0.677492,23.962791
-0.677586,23.964331
-0.677681,23.965870
-0.677775,23.967410
-0.677869,23.968949
-0.677964,23.970489
-0.678058,23.972028
-0.678153,23.973567
-0.678247,23.975106
-0.678341,23.976645
-0.678436,23.978184
-0.678530,23.979723
-0.678625,23.981262
-0.678719,23.982801
-0.678813,23.984340
-0.678908,23.985878
-0.679002,23.987417
-0.679097,23.988955
-0.679191,23.990494
-0.679286,23.992032
-0.679380,23.993570
-0.679475,23.995108
-0.679569,23.996646
-0.679664,23.998184
-0.679758,23.999722
-0.679852,24.001260
-0.679947,24.002798
-0.680041,24.004336
-0.680136,24.005873
-0.680230,24.007411
-0.680325,24.008949
-0.680419,24.010486
-0.680514,24.012023
-0.680608,24.013561
-0.680703,24.015098
-0.680797,24.016635
-0.680892,24.018172
-0.680987,24.019709
-0.681081,24.021246
-0.681176,24.022783
-0.681270,24.024319
-0.681365,24.025856
-0.681459,24.027393
-0.681554,24.028929
-0.681648,24.030466
-0.681743,24.032002
-0.681837,24.033538
-0.681932,24.035075
-0.682027,24.036611
-0.682121,24.038147
-0.682216,24.039683
-0.682310,24.041219
-0.682405,24.042755
-0.682500,24.044291
-0.682594,24.045826
-0.682689,24.047362
-0.682783,24.048898
-0.682878,24.050433
-0.682973,24.051969
-0.683067,24.053504
-0.683162,24.055039
-0.683256,24.056574
-0.683351,24.058109
-0.683446,24.059645
-0.683540,24.061180
-0.683635,24.062714
-0.683730,24.064249
-0.683824,24.065784
-0.683919,24.067319
-0.684014,24.068853
-0.684108,24.070388
-0.684203,24.071922
-0.684298,24.073457
-0.684392,24.074991
-0.684487,24.076525
-0.684582,24.078059
-0.684677,24.079594
-0.684771,24.081128
-0.684866,24.082662
-0.684961,24.084195
-0.685055,24.085729
-0.685150,24.087263
-0.685245,24.088797
-0.685340,24.090330
-0.685434,24.091864
-0.685529,24.093397
-0.685624,24.094930
-0.685718,24.096464
-0.685813,24.097997
-0.685908,24.099530
-0.686003,24.101063
-0.686098,24.102596
-0.686192,24.104129
-0.686287,24.105662
-0.686382,24.107195
-0.686477,24.108727
-0.686571,24.110260
-0.686666,24.111792
-0.686761,24.113325
-0.686856,24.114857
-0.686951,24.116390
-0.687045,24.117922
-0.687140,24.119454
-0.687235,24.120986
-0.687330,24.122518
-0.687425,24.124050
-0.687520,24.125582
-0.687614,24.127114
-0.687709,24.128645
-0.687804,24.130177
-0.687899,24.131709
-0.687994,24.133240
-0.688089,24.134772
-0.688183,24.136303
-0.688278,24.137834
-0.688373,24.139365
-0.688468,24.140896
-0.688563,24.142428
-0.688658,24.143959
-0.688753,24.145489
-0.688848,24.147020
-0.688943,24.148551
-0.689037,24.150082
-0.689132,24.151612
-0.689227,24.153143
-0.689322,24.154673
-0.689417,24.156204
-0.689512,24.157734
-0.689607,24.159264
-0.689702,24.160794
-0.689797,24.162324
-0.689892,24.163854
-0.689987,24.165384
-0.690082,24.166914
-0.690177,24.168444
-0.690271,24.169974
-0.690366,24.171503
-0.690461,24.173033
-0.690556,24.174563
-0.690651,24.176092
-0.690746,24.177621
-0.690841,24.179151
-0.690936,24.180680
-0.691031,24.182209
-0.691126,24.183738
-0.691221,24.185267
-0.691316,24.186796
-0.691411,24.188325
-0.691506,24.189853
-0.691601,24.191382
-0.691696,24.192911
-0.691791,24.194439
-0.691886,24.195968
-0.691981,24.197496
-0.692076,24.199024
-0.692172,24.200553
-0.692267,24.202081
-0.692362,24.203609
-0.692457,24.205137
-0.692552,24.206665
-0.692647,24.208193
-0.692742,24.209720
-0.692837,24.211248
-0.692932,24.212776
-0.693027,24.214303
-0.693122,24.215831
-0.693217,24.217358
-0.693312,24.218886
-0.693407,24.220413
-0.693503,24.221940
-0.693598,24.223467
-0.693693,24.224994
-0.693788,24.226521
-0.693883,24.228048
-0.693978,24.229575
-0.694073,24.231102
-0.694168,24.232628
-0.694264,24.234155
-0.694359,24.235681
-0.694454,24.237208
-0.694549,24.238734
-0.694644,24.240261
-0.694739,24.241787
-0.694834,24.243313
-0.694930,24.244839
-0.695025,24.246365
-0.695120,24.247891
-0.695215,24.249417
-0.695310,24.250943
-0.695406,24.252468
-0.695501,24.253994
-0.695596,24.255520
-0.695691,24.257045
-0.695786,24.258571
-0.695882,24.260096
-0.695977,24.261621
-0.696072,24.263146
-0.696167,24.264671
-0.696262,24.266196
-0.696358,24.267721
-0.696453,24.269246
-0.696548,24.270771
-0.696643,24.272296
-0.696739,24.273821
-0.696834,24.275345
-0.696929,24.276870
-0.697024,24.278394
-0.697120,24.279919
-0.697215,24.281443
-0.697310,24.282967
-0.697406,24.284491
-0.697501,24.286015
-0.697596,24.287539
-0.697691,24.289063
-0.697787,24.290587
-0.697882,24.292111
-0.697977,24.293635
-0.698073,24.295158
-0.698168,24.296682
-0.698263,24.298205
-0.698359,24.299729
-0.698454,24.301252
-0.698549,24.302775
-0.698645,24.304298
-0.698740,24.305822
-0.698835,24.307345
-0.698931,24.308868
-0.699026,24.310390
-0.699121,24.311913
-0.699217,24.313436
-0.699312,24.314959
-0.699407,24.316481
-0.699503,24.318004
-0.699598,24.319526
-0.699694,24.321049
-0.699789,24.322571
-0.699884,24.324093
-0.699980,24.325615
-0.700075,24.327137
-0.700171,24.328659
-0.700266,24.330181
-0.700361,24.331703
-0.700457,24.333225
-0.700552,24.334747
-0.700648,24.336268
-0.700743,24.337790
-0.700839,24.339311
-0.700934,24.340833
-0.701029,24.342354
-0.701125,24.343875
-0.701220,24.345396
-0.701316,24.346918
-0.701411,24.348439
-0.701507,24.349960
-0.701602,24.351480
-0.701698,24.353001
-0.701793,24.354522
-0.701889,24.356043
-0.701984,24.357563
-0.702080,24.359084
-0.702175,24.360604
-0.702271,24.362125
-0.702366,24.363645
-0.702462,24.365165
-0.702557,24.366685
-0.702653,24.368205
-0.702748,24.369725
-0.702844,24.371245
-0.702939,24.372765
-0.703035,24.374285
-0.703130,24.375805
-0.703226,24.377324
-0.703321,24.378844
-0.703417,24.380363
-0.703512,24.381883
-0.703608,24.383402
-0.703704,24.384921
-0.703799,24.386440
-0.703895,24.387959
-0.703990,24.389479
-0.704086,24.390997
-0.704181,24.392516
-0.704277,24.394035
-0.704373,24.395554
-0.704468,24.397073
-0.704564,24.398591
-0.704659,24.400110
-0.704755,24.401628
-0.704851,24.403146
-0.704946,24.404665
-0.705042,24.406183
-0.705138,24.407701
-0.705233,24.409219
-0.705329,24.410737
-0.705424,24.412255
-0.705520,24.413773
-0.705616,24.415291
-0.705711,24.416808
-0.705807,24.418326
-0.705903,24.419844
-0.705998,24.421361
-0.706094,24.422878
-0.706190,24.424396
-0.706285,24.425913
-0.706381,24.427430
-0.706477,24.428947
-0.706572,24.430464
-0.706668,24.431981
-0.706764,24.433498
-0.706860,24.435015
-0.706955,24.436532
-0.707051,24.438048
-0.707147,24.439565
-0.707242,24.441081
-0.707338,24.442598
-0.707434,24.444114
-0.707530,24.445630
-0.707625,24.447147
-0.707721,24.448663
-0.707817,24.450179
-0.707913,24.451695
-0.708008,24.453211
-0.708104,24.454727
-0.708200,24.456242
-0.708296,24.457758
-0.708391,24.459274
-0.708487,24.460789
-0.708583,24.462305
-0.708679,24.463820
-0.708775,24.465335
-0.708870,24.466851
-0.708966,24.468366
-0.709062,24.469881
-0.709158,24.471396
-0.709254,24.472911
-0.709349,24.474426
-0.709445,24.475940
-0.709541,24.477455
-0.709637,24.478970
-0.709733,24.480484
-0.709828,24.481999
-0.709924,24.483513
-0.710020,24.485028
-0.710116,24.486542
-0.710212,24.488056
-0.710308,24.489570
-0.710404,24.491084
-0.710499,24.492598
-0.710595,24.494112
-0.710691,24.495626
-0.710787,24.497140
-0.710883,24.498654
-0.710979,24.500167
-0.711075,24.501681
-0.711171,24.503194
-0.711266,24.504708
-0.711362,24.506221
-0.711458,24.507734
-0.711554,24.509247
-0.711650,24.510760
-0.711746,24.512273
-0.711842,24.513786
-0.711938,24.515299
-0.712034,24.516812
-0.712130,24.518325
-0.712226,24.519837
-0.712322,24.521350
-0.712418,24.522862
-0.712514,24.524375
-0.712610,24.525887
-0.712705,24.527399
-0.712801,24.528912
-0.712897,24.530424
-0.712993,24.531936
-0.713089,24.533448
-0.713185,24.534960
-0.713281,24.536471
-0.713377,24.537983
-0.713473,24.539495
-0.713569,24.541006
-0.713665,24.542518
-0.713761,24.544029
-0.713857,24.545541
-0.713953,24.547052
-0.714049,24.548563
-0.714145,24.550075
-0.714241,24.551586
-0.714337,24.553097
-0.714434,24.554608
-0.714530,24.556118
-0.714626,24.557629
-0.714722,24.559140
-0.714818,24.560651
-0.714914,24.562161
-0.715010,24.563672
-0.715106,24.565182
-0.715202,24.566692
-0.715298,24.568203
-0.715394,24.569713
-0.715490,24.571223
-0.715586,24.572733
-0.715682,24.574243
-0.715778,24.575753
-0.715875,24.577263
-0.715971,24.578772
-0.716067,24.580282
-0.716163,24.581792
-0.716259,24.583301
-0.716355,24.584811
-0.716451,24.586320
-0.716547,24.587829
-0.716644,24.589338
-0.716740,24.590848
-0.716836,24.592357
-0.716932,24.593866
-0.717028,24.595375
-0.717124,24.596883
-0.717220,24.598392
-0.717317,24.599901
-0.717413,24.601410
-0.717509,24.602918
-0.717605,24.604427
-0.717701,24.605935
-0.717797,24.607443
-0.717894,24.608952
-0.717990,24.610460
-0.718086,24.611968
-0.718182,24.613476
-0.718278,24.614984
-0.718375,24.616492
-0.718471,24.618000
-0.718567,24.619507
-0.718663,24.621015
-0.718760,24.622523
-0.718856,24.624030
-0.718952,24.625538
-0.719048,24.627045
-0.719144,24.628552
-0.719241,24.630059
-0.719337,24.631567
-0.719433,24.633074
-0.719529,24.634581
-0.719626,24.636088
-0.719722,24.637594
-0.719818,24.639101
-0.719915,24.640608
-0.720011,24.642114
-0.720107,24.643621
-0.720203,24.645127
-0.720300,24.646634
-0.720396,24.648140
-0.720492,24.649646
-0.720589,24.651153
-0.720685,24.652659
-0.720781,24.654165
-0.720878,24.655671
-0.720974,24.657177
-0.721070,24.658682
-0.721167,24.660188
-0.721263,24.661694
-0.721359,24.663199
-0.721456,24.664705
-0.721552,24.666210
-0.721648,24.667716
-0.721745,24.669221
-0.721841,24.670726
-0.721937,24.672231
-0.722034,24.673736
-0.722130,24.675241
-0.722226,24.676746
-0.722323,24.678251
-0.722419,24.679756
-0.722516,24.681260
-0.722612,24.682765
-0.722708,24.684270
-0.722805,24.685774
-0.722901,24.687278
-0.722998,24.688783
-0.723094,24.690287
-0.723190,24.691791
-0.723287,24.693295
-0.723383,24.694799
-0.723480,24.696303
-0.723576,24.697807
-0.723673,24.699311
-0.723769,24.700815
-0.723865,24.702318
-0.723962,24.703822
-0.724058,24.705325
-0.724155,24.706829
-0.724251,24.708332
-0.724348,24.709835
-0.724444,24.711339
-0.724541,24.712842
-0.724637,24.714345
-0.724734,24.715848
-0.724830,24.717351
-0.724927,24.718854
-0.725023,24.720356
-0.725120,24.721859
-0.725216,24.723362
-0.725313,24.724864
-0.725409,24.726367
-0.725506,24.727869
-0.725602,24.729371
-0.725699,24.730873
-0.725795,24.732376
-0.725892,24.733878
-0.725988,24.735380
-0.726085,24.736882
-0.726181,24.738383
-0.726278,24.739885
-0.726375,24.741387
-0.726471,24.742889
-0.726568,24.744390
-0.726664,24.745892
-0.726761,24.747393
-0.726857,24.748894
-0.726954,24.750396
-0.727051,24.751897
-0.727147,24.753398
-0.727244,24.754899
-0.727340,24.756400
-0.727437,24.757901
-0.727534,24.759402
-0.727630,24.760902
-0.727727,24.762403
-0.727823,24.763904
-0.727920,24.765404
-0.728017,24.766905
-0.728113,24.768405
-0.728210,24.769905
-0.728307,24.771406
-0.728403,24.772906
-0.728500,24.774406
-0.728596,24.775906
-0.728693,24.777406
-0.728790,24.778906
-0.728886,24.780405
-0.728983,24.781905
-0.729080,24.783405
-0.729176,24.784904
-0.729273,24.786404
-0.729370,24.787903
-0.729466,24.789402
-0.729563,24.790902
-0.729660,24.792401
-0.729757,24.793900
-0.729853,24.795399
-0.729950,24.796898
-0.730047,24.798397
-0.730143,24.799896
-0.730240,24.801394
-0.730337,24.802893
-0.730434,24.804392
-0.730530,24.805890
-0.730627,24.807389
-0.730724,24.808887
-0.730821,24.810385
-0.730917,24.811884
-0.731014,24.813382
-0.731111,24.814880
-0.731208,24.816378
-0.731304,24.817876
-0.731401,24.819373
-0.731498,24.820871
-0.731595,24.822369
-0.731691,24.823867
-0.731788,24.825364
-0.731885,24.826862
-0.731982,24.828359
-0.732079,24.829856
-0.732175,24.831354
-0.732272,24.832851
-0.732369,24.834348
-0.732466,24.835845
-0.732563,24.837342
-0.732659,24.838839
-0.732756,24.840335
-0.732853,24.841832
-0.732950,24.843329
-0.733047,24.844825
-0.733144,24.846322
-0.733240,24.847818
-0.733337,24.849315
-0.733434,24.850811
-0.733531,24.852307
-0.733628,24.853803
-0.733725,24.855299
-0.733822,24.856795
-0.733918,24.858291
-0.734015,24.859787
-0.734112,24.861283
-0.734209,24.862779
-0.734306,24.864274
-0.734403,24.865770
-0.734500,24.867265
-0.734597,24.868760
-0.734694,24.870256
-0.734791,24.871751
-0.734887,24.873246
-0.734984,24.874741
-0.735081,24.876236
-0.735178,24.877731
-0.735275,24.879226
-0.735372,24.880721
-0.735469,24.882216
-0.735566,24.883710
-0.735663,24.885205
-0.735760,24.886699
-0.735857,24.888194
-0.735954,24.889688
-0.736051,24.891182
-0.736148,24.892677
-0.736245,24.894171
-0.736342,24.895665
-0.736439,24.897159
-0.736536,24.898653
-0.736633,24.900146
-0.736730,24.901640
-0.736827,24.903134
-0.736924,24.904627
-0.737021,24.906121
-0.737118,24.907614
-0.737215,24.909108
-0.737312,24.910601
-0.737409,24.912094
-0.737506,24.913587
-0.737603,24.915081
-0.737700,24.916574
-0.737797,24.918066
-0.737894,24.919559
-0.737991,24.921052
-0.738088,24.922545
-0.738185,24.924037
-0.738282,24.925530
-0.738379,24.927022
-0.738476,24.928515
-0.738573,24.930007
-0.738670,24.931499
-0.738767,24.932992
-0.738865,24.934484
-0.738962,24.935976
-0.739059,24.937468
-0.739156,24.938960
-0.739253,24.940451
-0.739350,24.941943
-0.739447,24.943435
-0.739544,24.944926
-0.739641,24.946418
-0.739738,24.947909
-0.739836,24.949401
-0.739933,24.950892
-0.740030,24.952383
-0.740127,24.953874
-0.740224,24.955365
-0.740321,24.956856
-0.740418,24.958347
-0.740516,24.959838
-0.740613,24.961329
-0.740710,24.962820
-0.740807,24.964310
-0.740904,24.965801
-0.741001,24.967291
-0.741099,24.968782
-0.741196,24.970272
-0.741293,24.971762
-0.741390,24.973252
-0.741487,24.974743
-0.741584,24.976233
-0.741682,24.977723
-0.741779,24.979212
-0.741876,24.980702
-0.741973,24.982192
-0.742071,24.983682
-0.742168,24.985171
-0.742265,24.986661
-0.742362,24.988150
-0.742459,24.989639
-0.742557,24.991129
-0.742654,24.992618
-0.742751,24.994107
-0.742848,24.995596
-0.742946,24.997085
-0.743043,24.998574
-0.743140,25.000063
-0.743237,25.001552
-0.743335,25.003040
-0.743432,25.004529
-0.743529,25.006017
-0.743627,25.007506
-0.743724,25.008994
-0.743821,25.010483
-0.743918,25.011971
-0.744016,25.013459
-0.744113,25.014947
-0.744210,25.016435
-0.744308,25.017923
-0.744405,25.019411
-0.744502,25.020899
-0.744600,25.022386
-0.744697,25.023874
-0.744794,25.025362
-0.744892,25.026849
-0.744989,25.028336
-0.745086,25.029824
-0.745184,25.031311
-0.745281,25.032798
-0.745378,25.034285
-0.745476,25.035772
-0.745573,25.037259
-0.745670,25.038746
-0.745768,25.040233
-0.745865,25.041720
-0.745962,25.043206
-0.746060,25.044693
-0.746157,25.046180
-0.746255,25.047666
-0.746352,25.049152
-0.746449,25.050639
-0.746547,25.052125
-0.746644,25.053611
-0.746742,25.055097
-0.746839,25.056583
-0.746936,25.058069
-0.747034,25.059555
-0.747131,25.061041
-0.747229,25.062526
-0.747326,25.064012
-0.747424,25.065498
-0.747521,25.066983
-0.747619,25.068468
-0.747716,25.069954
-0.747813,25.071439
-0.747911,25.072924
-0.748008,25.074409
-0.748106,25.075894
-0.748203,25.077379
-0.748301,25.078864
-0.748398,25.080349
-0.748496,25.081834
-0.748593,25.083318
-0.748691,25.084803
-0.748788,25.086288
-0.748886,25.087772
-0.748983,25.089256
-0.749081,25.090741
-0.749178,25.092225
-0.749276,25.093709
-0.749373,25.095193
-0.749471,25.096677
-0.749568,25.098161
-0.749666,25.099645
-0.749763,25.101129
-0.749861,25.102612
-0.749958,25.104096
-0.750056,25.105579
-0.750154,25.107063
-0.750251,25.108546
-0.750349,25.110030
-0.750446,25.111513
-0.750544,25.112996
-0.750641,25.114479
-0.750739,25.115962
-0.750836,25.117445
-0.750934,25.118928
-0.751032,25.120411
-0.751129,25.121893
-0.751227,25.123376
-0.751324,25.124859
-0.751422,25.126341
-0.751520,25.127823
-0.751617,25.129306
-0.751715,25.130788
-0.751812,25.132270
-0.751910,25.133752
-0.752008,25.135234
-0.752105,25.136716
-0.752203,25.138198
-0.752301,25.139680
-0.752398,25.141162
-0.752496,25.142644
-0.752594,25.144125
-0.752691,25.145607
-0.752789,25.147088
-0.752887,25.148570
-0.752984,25.150051
-0.753082,25.151532
-0.753180,25.153013
-0.753277,25.154494
-0.753375,25.155975
-0.753473,25.157456
-0.753570,25.158937
-0.753668,25.160418
-0.753766,25.161899
-0.753863,25.163379
-0.753961,25.164860
-0.754059,25.166340
-0.754156,25.167821
-0.754254,25.169301
-0.754352,25.170781
-0.754450,25.172261
-0.754547,25.173742
-0.754645,25.175222
-0.754743,25.176702
-0.754841,25.178181
-0.754938,25.179661
-0.755036,25.181141
-0.755134,25.182621
-0.755232,25.184100
-0.755329,25.185580
-0.755427,25.187059
-0.755525,25.188539
-0.755623,25.190018
-0.755720,25.191497
-0.755818,25.192976
-0.755916,25.194455
-0.756014,25.195934
-0.756112,25.197413
-0.756209,25.198892
-0.756307,25.200371
-0.756405,25.201849
-0.756503,25.203328
-0.756601,25.204807
-0.756698,25.206285
-0.756796,25.207764
-0.756894,25.209242
-0.756992,25.210720
-0.757090,25.212198
-0.757188,25.213676
-0.757285,25.215154
-0.757383,25.216632
-0.757481,25.218110
-0.757579,25.219588
-0.757677,25.221066
-0.757775,25.222543
-0.757873,25.224021
-0.757970,25.225498
-0.758068,25.226976
-0.758166,25.228453
-0.758264,25.229930
-0.758362,25.231408
-0.758460,25.232885
-0.758558,25.234362
-0.758656,25.235839
-0.758753,25.237316
-0.758851,25.238793
-0.758949,25.240269
-0.759047,25.241746
-0.759145,25.243223
-0.759243,25.244699
-0.759341,25.246176
-0.759439,25.247652
-0.759537,25.249128
-0.759635,25.250605
-0.759733,25.252081
-0.759831,25.253557
-0.759929,25.255033
-0.760027,25.256509
-0.760124,25.257985
-0.760222,25.259460
-0.760320,25.260936
-0.760418,25.262412
-0.760516,25.263887
-0.760614,25.265363
-0.760712,25.266838
-0.760810,25.268313
-0.760908,25.269789
-0.761006,25.271264
-0.761104,25.272739
-0.761202,25.274214
-0.761300,25.275689
-0.761398,25.277164
-0.761496,25.278639
-0.761594,25.280113
-0.761692,25.281588
-0.761790,25.283063
-0.761888,25.284537
-0.761986,25.286012
-0.762084,25.287486
-0.762182,25.288960
-0.762280,25.290435
-0.762378,25.291909
-0.762477,25.293383
-0.762575,25.294857
-0.762673,25.296331
-0.762771,25.297804
-0.762869,25.299278
-0.762967,25.300752
-0.763065,25.302226
-0.763163,25.303699
-0.763261,25.305173
-0.763359,25.306646
-0.763457,25.308119
-0.763555,25.309593
-0.763653,25.311066
-0.763752,25.312539
-0.763850,25.314012
-0.763948,25.315485
-0.764046,25.316958
-0.764144,25.318430
-0.764242,25.319903
-0.764340,25.321376
-0.764438,25.322848
-0.764536,25.324321
-0.764635,25.325793
-0.764733,25.327266
-0.764831,25.328738
-0.764929,25.330210
-0.765027,25.331682
-0.765125,25.333154
-0.765223,25.334626
-0.765322,25.336098
-0.765420,25.337570
-0.765518,25.339042
-0.765616,25.340513
-0.765714,25.341985
-0.765813,25.343457
-0.765911,25.344928
-0.766009,25.346399
-0.766107,25.347871
-0.766205,25.349342
-0.766303,25.350813
-0.766402,25.352284
-0.766500,25.353755
-0.766598,25.355226
-0.766696,25.356697
-0.766795,25.358168
-0.766893,25.359638
-0.766991,25.361109
-0.767089,25.362580
-0.767187,25.364050
-0.767286,25.365521
-0.767384,25.366991
-0.767482,25.368461
-0.767580,25.369931
-0.767679,25.371401
-0.767777,25.372871
-0.767875,25.374341
-0.767973,25.375811
-0.768072,25.377281
-0.768170,25.378751
-0.768268,25.380221
-0.768367,25.381690
-0.768465,25.383160
-0.768563,25.384629
-0.768661,25.386098
-0.768760,25.387568
-0.768858,25.389037
-0.768956,25.390506
-0.769055,25.391975
-0.769153,25.393444
-0.769251,25.394913
-0.769350,25.396382
-0.769448,25.397851
-0.769546,25.399319
-0.769645,25.400788
-0.769743,25.402257
-0.769841,25.403725
-0.769940,25.405193
-0.770038,25.406662
-0.770136,25.408130
-0.770235,25.409598
-0.770333,25.411066
-0.770431,25.412534
-0.770530,25.414002
-0.770628,25.415470
-0.770727,25.416938
-0.770825,25.418406
-0.770923,25.419873
-0.771022,25.421341
-0.771120,25.422808
-0.771218,25.424276
-0.771317,25.425743
-0.771415,25.427210
-0.771514,25.428678
-0.771612,25.430145
-0.771711,25.431612
-0.771809,25.433079
-0.771907,25.434546
-0.772006,25.436012
-0.772104,25.437479
-0.772203,25.438946
-0.772301,25.440412
-0.772400,25.441879
-0.772498,25.443345
-0.772596,25.444812
-0.772695,25.446278
-0.772793,25.447744
-0.772892,25.449210
-0.772990,25.450677
-0.773089,25.452143
-0.773187,25.453608
-0.773286,25.455074
-0.773384,25.456540
-0.773483,25.458006
-0.773581,25.459471
-0.773680,25.460937
-0.773778,25.462402
-0.773877,25.463868
-0.773975,25.465333
-0.774074,25.466798
-0.774172,25.468264
-0.774271,25.469729
-0.774369,25.471194
-0.774468,25.472659
-0.774566,25.474124
-0.774665,25.475588
-0.774763,25.477053
-0.774862,25.478518
-0.774960,25.479982
-0.775059,25.481447
-0.775157,25.482911
-0.775256,25.484376
-0.775355,25.485840
-0.775453,25.487304
-0.775552,25.488768
-0.775650,25.490232
-0.775749,25.491696
-0.775847,25.493160
-0.775946,25.494624
-0.776045,25.496088
-0.776143,25.497552
-0.776242,25.499015
-0.776340,25.500479
-0.776439,25.501942
-0.776538,25.503406
-0.776636,25.504869
-0.776735,25.506332
-0.776833,25.507795
-0.776932,25.509258
-0.777031,25.510721
-0.777129,25.512184
-0.777228,25.513647
-0.777327,25.515110
-0.777425,25.516573
-0.777524,25.518035
-0.777622,25.519498
-0.777721,25.520960
-0.777820,25.522423
-0.777918,25.523885
-0.778017,25.525347
-0.778116,25.526810
-0.778214,25.528272
-0.778313,25.529734
-0.778412,25.531196
-0.778510,25.532658
-0.778609,25.534119
-0.778708,25.535581
-0.778806,25.537043
-0.778905,25.538504
-0.779004,25.539966
-0.779103,25.541427
-0.779201,25.542889
-0.779300,25.544350
-0.779399,25.545811
-0.779497,25.547272
-0.779596,25.548734
-0.779695,25.550195
-0.779794,25.551655
-0.779892,25.553116
-0.779991,25.554577
-0.780090,25.556038
-0.780189,25.557498
-0.780287,25.558959
-0.780386,25.560419
-0.780485,25.561880
-0.780584,25.563340
-0.780682,25.564800
-0.780781,25.566261
-0.780880,25.567721
-0.780979,25.569181
-0.781077,25.570641
-0.781176,25.572101
-0.781275,25.573560
-0.781374,25.575020
-0.781473,25.576480
-0.781571,25.577939
-0.781670,25.579399
-0.781769,25.580858
-0.781868,25.582318
-0.781967,25.583777
-0.782065,25.585236
-0.782164,25.586695
-0.782263,25.588154
-0.782362,25.589613
-0.782461,25.591072
-0.782560,25.592531
-0.782658,25.593990
-0.782757,25.595448
-0.782856,25.596907
-0.782955,25.598365
-0.783054,25.599824
-0.783153,25.601282
-0.783252,25.602741
-0.783350,25.604199
-0.783449,25.605657
-0.783548,25.607115
-0.783647,25.608573
-0.783746,25.610031
-0.783845,25.611489
-0.783944,25.612947
-0.784043,25.614404
-0.784141,25.615862
-0.784240,25.617320
-0.784339,25.618777
-0.784438,25.620234
-0.784537,25.621692
-0.784636,25.623149
-0.784735,25.624606
-0.784834,25.626063
-0.784933,25.627520
-0.785032,25.628977
-0.785131,25.630434
-0.785230,25.631891
-0.785329,25.633348
-0.785427,25.634804
-0.785526,25.636261
-0.785625,25.637718
-0.785724,25.639174
-0.785823,25.640630
-0.785922,25.642087
-0.786021,25.643543
-0.786120,25.644999
-0.786219,25.646455
-0.786318,25.647911
-0.786417,25.649367
-0.786516,25.650823
-0.786615,25.652279
-0.786714,25.653734
-0.786813,25.655190
-0.786912,25.656645
-0.787011,25.658101
-0.787110,25.659556
-0.787209,25.661012
-0.787308,25.662467
-0.787407,25.663922
-0.787506,25.665377
-0.787605,25.666832
-0.787704,25.668287
-0.787803,25.669742
-0.787902,25.671197
-0.788001,25.672651
-0.788100,25.674106
-0.788200,25.675561
-0.788299,25.677015
-0.788398,25.678469
-0.788497,25.679924
-0.788596,25.681378
-0.788695,25.682832
-0.788794,25.684286
-0.788893,25.685740
-0.788992,25.687194
-0.789091,25.688648
-0.789190,25.690102
-0.789289,25.691556
-0.789388,25.693010
-0.789488,25.694463
-0.789587,25.695917
-0.789686,25.697370
-0.789785,25.698823
-0.789884,25.700277
-0.789983,25.701730
-0.790082,25.703183
-0.790181,25.704636
-0.790280,25.706089
-0.790380,25.707542
-0.790479,25.708995
-0.790578,25.710448
-0.790677,25.711900
-0.790776,25.713353
-0.790875,25.714806
-0.790975,25.716258
-0.791074,25.717710
-0.791173,25.719163
-0.791272,25.720615
-0.791371,25.722067
-0.791470,25.723519
-0.791570,25.724971
-0.791669,25.726423
-0.791768,25.727875
-0.791867,25.729327
-0.791966,25.730779
-0.792065,25.732230
-0.792165,25.733682
-0.792264,25.735133
-0.792363,25.736585
-0.792462,25.738036
-0.792562,25.739487
-0.792661,25.740939
-0.792760,25.742390
-0.792859,25.743841
-0.792958,25.745292
-0.793058,25.746743
-0.793157,25.748193
-0.793256,25.749644
-0.793355,25.751095
-0.793455,25.752546
-0.793554,25.753996
-0.793653,25.755446
-0.793752,25.756897
-0.793852,25.758347
-0.793951,25.759797
-0.794050,25.761248
-0.794150,25.762698
-0.794249,25.764148
-0.794348,25.765598
-0.794447,25.767047
-0.794547,25.768497
-0.794646,25.769947
-0.794745,25.771397
-0.794845,25.772846
-0.794944,25.774296
-0.795043,25.775745
-0.795142,25.777194
-0.795242,25.778644
-0.795341,25.780093
-0.795440,25.781542
-0.795540,25.782991
-0.795639,25.784440
-0.795738,25.785889
-0.795838,25.787337
-0.795937,25.788786
-0.796036,25.790235
-0.796136,25.791683
-0.796235,25.793132
-0.796335,25.794580
-0.796434,25.796029
-0.796533,25.797477
-0.796633,25.798925
-0.796732,25.800373
-0.796831,25.801821
-0.796931,25.803269
-0.797030,25.804717
-0.797130,25.806165
-0.797229,25.807613
-0.797328,25.809061
-0.797428,25.810508
-0.797527,25.811956
-0.797627,25.813403
-0.797726,25.814851
-0.797825,25.816298
-0.797925,25.817745
-0.798024,25.819192
-0.798124,25.820639
-0.798223,25.822086
-0.798323,25.823533
-0.798422,25.824980
-0.798521,25.826427
-0.798621,25.827874
-0.798720,25.829320
-0.798820,25.830767
-0.798919,25.832213
-0.799019,25.833660
-0.799118,25.835106
-0.799218,25.836552
-0.799317,25.837998
-0.799417,25.839445
-0.799516,25.840891
-0.799615,25.842337
-0.799715,25.843782
-0.799814,25.845228
-0.799914,25.846674
-0.800013,25.848120
-0.800113,25.849565
-0.800212,25.851011
-0.800312,25.852456
-0.800411,25.853902
-0.800511,25.855347
-0.800611,25.856792
-0.800710,25.858237
-0.800810,25.859682
-0.800909,25.861127
-0.801009,25.862572
-0.801108,25.864017
-0.801208,25.865462
-0.801307,25.866906
-0.801407,25.868351
-0.801506,25.869796
-0.801606,25.871240
-0.801705,25.872684
-0.801805,25.874129
-0.801905,25.875573
-0.802004,25.877017
-0.802104,25.878461
-0.802203,25.879905
-0.802303,25.881349
-0.802402,25.882793
-0.802502,25.884237
-0.802602,25.885681
-0.802701,25.887124
-0.802801,25.888568
-0.802900,25.890011
-0.803000,25.891455
-0.803100,25.892898
-0.803199,25.894341
-0.803299,25.895784
-0.803399,25.897228
-0.803498,25.898671
-0.803598,25.900114
-0.803697,25.901557
-0.803797,25.902999
-0.803897,25.904442
-0.803996,25.905885
-0.804096,25.907327
-0.804196,25.908770
-0.804295,25.910212
-0.804395,25.911655
-0.804495,25.913097
-0.804594,25.914539
-0.804694,25.915981
-0.804794,25.917423
-0.804893,25.918865
-0.804993,25.920307
-0.805093,25.921749
-0.805192,25.923191
-0.805292,25.924633
-0.805392,25.926074
-0.805491,25.927516
-0.805591,25.928957
-0.805691,25.930399
-0.805791,25.931840
-0.805890,25.933281
-0.805990,25.934722
-0.806090,25.936163
-0.806189,25.937604
-0.806289,25.939045
-0.806389,25.940486
-0.806489,25.941927
-0.806588,25.943368
-0.806688,25.944808
-0.806788,25.946249
-0.806888,25.947689
-0.806987,25.949130
-0.807087,25.950570
-0.807187,25.952010
-0.807287,25.953451
-0.807386,25.954891
-0.807486,25.956331
-0.807586,25.957771
-0.807686,25.959211
-0.807786,25.960650
-0.807885,25.962090
-0.807985,25.963530
-0.808085,25.964969
-0.808185,25.966409
-0.808284,25.967848
-0.808384,25.969288
-0.808484,25.970727
-0.808584,25.972166
-0.808684,25.973605
-0.808784,25.975045
-0.808883,25.976484
-0.808983,25.977922
-0.809083,25.979361
-0.809183,25.980800
-0.809283,25.982239
-0.809383,25.983677
-0.809482,25.985116
-0.809582,25.986554
-0.809682,25.987993
-0.809782,25.989431
-0.809882,25.990869
-0.809982,25.992308
-0.810082,25.993746
-0.810181,25.995184
-0.810281,25.996622
-0.810381,25.998059
-0.810481,25.999497
-0.810581,26.000935
-0.810681,26.002373
-0.810781,26.003810
-0.810881,26.005248
-0.810981,26.006685
-0.811080,26.008122
-0.811180,26.009560
-0.811280,26.010997
-0.811380,26.012434
-0.811480,26.013871
-0.811580,26.015308
-0.811680,26.016745
-0.811780,26.018182
-0.811880,26.019619
-0.811980,26.021055
-0.812080,26.022492
-0.812180,26.023928
-0.812280,26.025365
-0.812379,26.026801
-0.812479,26.028237
-0.812579,26.029674
-0.812679,26.031110
-0.812779,26.032546
-0.812879,26.033982
-0.812979,26.035418
-0.813079,26.036854
-0.813179,26.038289
-0.813279,26.039725
-0.813379,26.041161
-0.813479,26.042596
-0.813579,26.044032
-0.813679,26.045467
-0.813779,26.046902
-0.813879,26.048338
-0.813979,26.049773
-0.814079,26.051208
-0.814179,26.052643
-0.814279,26.054078
-0.814379,26.055513
-0.814479,26.056948
-0.814579,26.058382
-0.814679,26.059817
-0.814779,26.061252
-0.814879,26.062686
-0.814979,26.064120
-0.815080,26.065555
-0.815180,26.066989
-0.815280,26.068423
-0.815380,26.069857
-0.815480,26.071291
-0.815580,26.072725
-0.815680,26.074159
-0.815780,26.075593
-0.815880,26.077027
-0.815980,26.078461
-0.816080,26.079894
-0.816180,26.081328
-0.816280,26.082761
-0.816380,26.084195
-0.816481,26.085628
-0.816581,26.087061
-0.816681,26.088494
-0.816781,26.089927
-0.816881,26.091360
-0.816981,26.092793
-0.817081,26.094226
-0.817181,26.095659
-0.817281,26.097091
-0.817382,26.098524
-0.817482,26.099957
-0.817582,26.101389
-0.817682,26.102822
-0.817782,26.104254
-0.817882,26.105686
-0.817982,26.107118
-0.818083,26.108550
-0.818183,26.109982
-0.818283,26.111414
-0.818383,26.112846
-0.818483,26.114278
-0.818583,26.115710
-0.818684,26.117141
-0.818784,26.118573
-0.818884,26.120004
-0.818984,26.121436
-0.819084,26.122867
-0.819185,26.124298
-0.819285,26.125730
-0.819385,26.127161
-0.819485,26.128592
-0.819585,26.130023
-0.819686,26.131454
-0.819786,26.132885
-0.819886,26.134315
-0.819986,26.135746
-0.820087,26.137177
-0.820187,26.138607
-0.820287,26.140038
-0.820387,26.141468
-0.820487,26.142898
-0.820588,26.144328
-0.820688,26.145759
-0.820788,26.147189
-0.820888,26.148619
-0.820989,26.150049
-0.821089,26.151478
-0.821189,26.152908
-0.821290,26.154338
-0.821390,26.155768
-0.821490,26.157197
-0.821590,26.158627
-0.821691,26.160056
-0.821791,26.161485
-0.821891,26.162914
-0.821992,26.164344
-0.822092,26.165773
-0.822192,26.167202
-0.822292,26.168631
-0.822393,26.170060
-0.822493,26.171488
-0.822593,26.172917
-0.822694,26.174346
-0.822794,26.175774
-0.822894,26.177203
-0.822995,26.178631
-0.823095,26.180060
-0.823195,26.181488
-0.823296,26.182916
-0.823396,26.184344
-0.823496,26.185772
-0.823597,26.187200
-0.823697,26.188628
-0.823797,26.190056
-0.823898,26.191484
-0.823998,26.192911
-0.824099,26.194339
-0.824199,26.195766
-0.824299,26.197194
-0.824400,26.198621
-0.824500,26.200049
-0.824600,26.201476
-0.824701,26.202903
-0.824801,26.204330
-0.824902,26.205757
-0.825002,26.207184
-0.825102,26.208611
-0.825203,26.210038
-0.825303,26.211464
-0.825404,26.212891
-0.825504,26.214317
-0.825605,26.215744
-0.825705,26.217170
-0.825805,26.218597
-0.825906,26.220023
-0.826006,26.221449
-0.826107,26.222875
-0.826207,26.224301
-0.826308,26.225727
-0.826408,26.227153
-0.826509,26.228579
-0.826609,26.230004
-0.826709,26.231430
-0.826810,26.232856
-0.826910,26.234281
-0.827011,26.235707
-0.827111,26.237132
-0.827212,26.238557
-0.827312,26.239982
-0.827413,26.241408
-0.827513,26.242833
-0.827614,26.244258
-0.827714,26.245682
-0.827815,26.247107
-0.827915,26.248532
-0.828016,26.249957
-0.828116,26.251381
-0.828217,26.252806
-0.828317,26.254230
-0.828418,26.255655
-0.828518,26.257079
-0.828619,26.258503
-0.828719,26.259927
-0.828820,26.261351
-0.828921,26.262775
-0.829021,26.264199
-0.829122,26.265623
-0.829222,26.267047
-0.829323,26.268471
-0.829423,26.269894
-0.829524,26.271318
-0.829624,26.272741
-0.829725,26.274165
-0.829826,26.275588
-0.829926,26.277011
-0.830027,26.278434
-0.830127,26.279857
-0.830228,26.281280
-0.830328,26.282703
-0.830429,26.284126
-0.830530,26.285549
-0.830630,26.286972
-0.830731,26.288394
-0.830831,26.289817
-0.830932,26.291239
-0.831033,26.292662
-0.831133,26.294084
-0.831234,26.295506
-0.831335,26.296929
-0.831435,26.298351
-0.831536,26.299773
-0.831636,26.301195
-0.831737,26.302617
-0.831838,26.304038
-0.831938,26.305460
-0.832039,26.306882
-0.832140,26.308303
-0.832240,26.309725
-0.832341,26.311146
-0.832442,26.312568
-0.832542,26.313989
-0.832643,26.315410
-0.832744,26.316831
-0.832844,26.318253
-0.832945,26.319674
-0.833046,26.321094
-0.833146,26.322515
-0.833247,26.323936
-0.833348,26.325357
-0.833448,26.326777
-0.833549,26.328198
-0.833650,26.329618
-0.833751,26.331039
-0.833851,26.332459
-0.833952,26.333879
-0.834053,26.335299
-0.834153,26.336720
-0.834254,26.338140
-0.834355,26.339560
-0.834456,26.340979
-0.834556,26.342399
-0.834657,26.343819
-0.834758,26.345239
-0.834859,26.346658
-0.834959,26.348078
-0.835060,26.349497
-0.835161,26.350916
-0.835262,26.352336
-0.835362,26.353755
-0.835463,26.355174
-0.835564,26.356593
-0.835665,26.358012
-0.835766,26.359431
-0.835866,26.360850
-0.835967,26.362268
-0.836068,26.363687
-0.836169,26.365106
-0.836269,26.366524
-0.836370,26.367943
-0.836471,26.369361
-0.836572,26.370779
-0.836673,26.372197
-0.836773,26.373616
-0.836874,26.375034
-0.836975,26.376452
-0.837076,26.377869
-0.837177,26.379287
-0.837278,26.380705
-0.837378,26.382123
-0.837479,26.383540
-0.837580,26.384958
-0.837681,26.386375
-0.837782,26.387793
-0.837883,26.389210
-0.837984,26.390627
-0.838084,26.392044
-0.838185,26.393462
-0.838286,26.394879
-0.838387,26.396295
-0.838488,26.397712
-0.838589,26.399129
-0.838690,26.400546
-0.838790,26.401962
-0.838891,26.403379
-0.838992,26.404796
-0.839093,26.406212
-0.839194,26.407628
-0.839295,26.409045
-0.839396,26.410461
-0.839497,26.411877
-0.839598,26.413293
-0.839699,26.414709
-0.839800,26.416125
-0.839900,26.417540
-0.840001,26.418956
-0.840102,26.420372
-0.840203,26.421787
-0.840304,26.423203
-0.840405,26.424618
-0.840506,26.426034
-0.840607,26.427449
-0.840708,26.428864
-0.840809,26.430279
-0.840910,26.431694
-0.841011,26.433109
-0.841112,26.434524
-0.841213,26.435939
-0.841314,26.437354
-0.841415,26.438769
-0.841516,26.440183
-0.841617,26.441598
-0.841718,26.443012
-0.841819,26.444427
-0.841920,26.445841
-0.842021,26.447255
-0.842122,26.448669
-0.842223,26.450083
-0.842324,26.451497
-0.842425,26.452911
-0.842526,26.454325
-0.842627,26.455739
-0.842728,26.457153
-0.842829,26.458566
-0.842930,26.459980
-0.843031,26.461393
-0.843132,26.462807
-0.843233,26.464220
-0.843334,26.465633
-0.843435,26.467046
-0.843536,26.468460
-0.843637,26.469873
-0.843738,26.471286
-0.843839,26.472698
-0.843940,26.474111
-0.844041,26.475524
-0.844142,26.476937
-0.844243,26.478349
-0.844344,26.479762
-0.844445,26.481174
-0.844547,26.482586
-0.844648,26.483999
-0.844749,26.485411
-0.844850,26.486823
-0.844951,26.488235
-0.845052,26.489647
-0.845153,26.491059
-0.845254,26.492471
-0.845355,26.493883
-0.845456,26.495294
-0.845558,26.496706
-0.845659,26.498117
-0.845760,26.499529
-0.845861,26.500940
-0.845962,26.502351
-0.846063,26.503763
-0.846164,26.505174
-0.846265,26.506585
-0.846367,26.507996
-0.846468,26.509407
-0.846569,26.510818
-0.846670,26.512228
-0.846771,26.513639
-0.846872,26.515050
-0.846973,26.516460
-0.847075,26.517871
-0.847176,26.519281
-0.847277,26.520691
-0.847378,26.522102
-0.847479,26.523512
-0.847581,26.524922
-0.847682,26.526332
-0.847783,26.527742
-0.847884,26.529152
-0.847985,26.530562
-0.848087,26.531971
-0.848188,26.533381
-0.848289,26.534791
-0.848390,26.536200
-0.848491,26.537609
-0.848593,26.539019
-0.848694,26.540428
-0.848795,26.541837
-0.848896,26.543246
-0.848997,26.544655
-0.849099,26.546064
-0.849200,26.547473
-0.849301,26.548882
-0.849402,26.550291
-0.849504,26.551699
-0.849605,26.553108
-0.849706,26.554517
-0.849807,26.555925
-0.849909,26.557333
-0.850010,26.558742
-0.850111,26.560150
-0.850212,26.561558
-0.850314,26.562966
-0.850415,26.564374
-0.850516,26.565782
-0.850618,26.567190
-0.850719,26.568598
-0.850820,26.570005
-0.850921,26.571413
-0.851023,26.572820
-0.851124,26.574228
-0.851225,26.575635
-0.851327,26.577043
-0.851428,26.578450
-0.851529,26.579857
-0.851631,26.581264
-0.851732,26.582671
-0.851833,26.584078
-0.851935,26.585485
-0.852036,26.586892
-0.852137,26.588298
-0.852239,26.589705
-0.852340,26.591112
-0.852441,26.592518
-0.852543,26.593924
-0.852644,26.595331
-0.852745,26.596737
-0.852847,26.598143
-0.852948,26.599549
-0.853049,26.600955
-0.853151,26.602361
-0.853252,26.603767
-0.853354,26.605173
-0.853455,26.606579
-0.853556,26.607984
-0.853658,26.609390
-0.853759,26.610796
-0.853861,26.612201
-0.853962,26.613606
-0.854063,26.615012
-0.854165,26.616417
-0.854266,26.617822
-0.854368,26.619227
-0.854469,26.620632
-0.854570,26.622037
-0.854672,26.623442
-0.854773,26.624846
-0.854875,26.626251
-0.854976,26.627656
-0.855077,26.629060
-0.855179,26.630465
-0.855280,26.631869
-0.855382,26.633273
-0.855483,26.634678
-0.855585,26.636082
-0.855686,26.637486
-0.855788,26.638890
-0.855889,26.640294
-0.855991,26.641698
-0.856092,26.643101
-0.856193,26.644505
-0.856295,26.645909
-0.856396,26.647312
-0.856498,26.648716
-0.856599,26.650119
-0.856701,26.651523
-0.856802,26.652926
-0.856904,26.654329
-0.857005,26.655732
-0.857107,26.657135
-0.857208,26.658538
-0.857310,26.659941
-0.857411,26.661344
-0.857513,26.662746
-0.857614,26.664149
-0.857716,26.665552
-0.857817,26.666954
-0.857919,26.668357
-0.858021,26.669759
-0.858122,26.671161
-0.858224,26.672563
-0.858325,26.673965
-0.858427,26.675368
-0.858528,26.676769
-0.858630,26.678171
-0.858731,26.679573
-0.858833,26.680975
-0.858934,26.682377
-0.859036,26.683778
-0.859138,26.685180
-0.859239,26.686581
-0.859341,26.687983
-0.859442,26.689384
-0.859544,26.690785
-0.859645,26.692186
-0.859747,26.693587
-0.859849,26.694988
-0.859950,26.696389
-0.860052,26.697790
-0.860153,26.699191
-0.860255,26.700591
-0.860357,26.701992
-0.860458,26.703393
-0.860560,26.704793
-0.860662,26.706193
-0.860763,26.707594
-0.860865,26.708994
-0.860966,26.710394
-0.861068,26.711794
-0.861170,26.713194
-0.861271,26.714594
-0.861373,26.715994
-0.861475,26.717394
-0.861576,26.718794
-0.861678,26.720193
-0.861780,26.721593
-0.861881,26.722992
-0.861983,26.724392
-0.862085,26.725791
-0.862186,26.727190
-0.862288,26.728589
-0.862390,26.729989
-0.862491,26.731388
-0.862593,26.732787
-0.862695,26.734185
-0.862796,26.735584
-0.862898,26.736983
-0.863000,26.738382
-0.863101,26.739780
-0.863203,26.741179
-0.863305,26.742577
-0.863406,26.743976
-0.863508,26.745374
-0.863610,26.746772
-0.863712,26.748170
-0.863813,26.749568
-0.863915,26.750966
-0.864017,26.752364
-0.864119,26.753762
-0.864220,26.755160
-0.864322,26.756557
-0.864424,26.757955
-0.864525,26.759352
-0.864627,26.760750
-0.864729,26.762147
-0.864831,26.763545
-0.864932,26.764942
-0.865034,26.766339
-0.865136,26.767736
-0.865238,26.769133
-0.865340,26.770530
-0.865441,26.771927
-0.865543,26.773324
-0.865645,26.774720
-0.865747,26.776117
-0.865848,26.777513
-0.865950,26.778910
-0.866052,26.780306
-0.866154,26.781703
-0.866256,26.783099
-0.866357,26.784495
-0.866459,26.785891
-0.866561,26.787287
-0.866663,26.788683
-0.866765,26.790079
-0.866867,26.791475
-0.866968,26.792871
-0.867070,26.794266
-0.867172,26.795662
-0.867274,26.797057
-0.867376,26.798453
-0.867477,26.799848
-0.867579,26.801243
-0.867681,26.802638
-0.867783,26.804034
-0.867885,26.805429
-0.867987,26.806824
-0.868089,26.808218
-0.868190,26.809613
-0.868292,26.811008
-0.868394,26.812403
-0.868496,26.813797
-0.868598,26.815192
-0.868700,26.816586
-0.868802,26.817981
-0.868904,26.819375
-0.869005,26.820769
-0.869107,26.822163
-0.869209,26.823557
-0.869311,26.824951
-0.869413,26.826345
-0.869515,26.827739
-0.869617,26.829133
-0.869719,26.830526
-0.869821,26.831920
-0.869923,26.833314
-0.870025,26.834707
-0.870126,26.836100
-0.870228,26.837494
-0.870330,26.838887
-0.870432,26.840280
-0.870534,26.841673
-0.870636,26.843066
-0.870738,26.844459
-0.870840,26.845852
-0.870942,26.847245
-0.871044,26.848638
-0.871146,26.850030
-0.871248,26.851423
-0.871350,26.852815
-0.871452,26.854208
-0.871554,26.855600
-0.871656,26.856992
-0.871758,26.858384
-0.871860,26.859776
-0.871962,26.861169
-0.872064,26.862560
-0.872166,26.863952
-0.872268,26.865344
-0.872370,26.866736
-0.872472,26.868128
-0.872574,26.869519
-0.872676,26.870911
-0.872778,26.872302
-0.872880,26.873693
-0.872982,26.875085
-0.873084,26.876476
-0.873186,26.877867
-0.873288,26.879258
-0.873390,26.880649
-0.873492,26.882040
-0.873594,26.883431
-0.873696,26.884821
-0.873798,26.886212
-0.873900,26.887603
-0.874002,26.888993
-0.874104,26.890384
-0.874206,26.891774
-0.874308,26.893164
-0.874410,26.894555
-0.874512,26.895945
-0.874614,26.897335
-0.874717,26.898725
-0.874819,26.900115
-0.874921,26.901505
-0.875023,26.902894
-0.875125,26.904284
-0.875227,26.905674
-0.875329,26.907063
-0.875431,26.908453
-0.875533,26.909842
-0.875635,26.911231
-0.875737,26.912621
-0.875840,26.914010
-0.875942,26.915399
-0.876044,26.916788
-0.876146,26.918177
-0.876248,26.919566
-0.876350,26.920954
-0.876452,26.922343
-0.876554,26.923732
-0.876657,26.925120
-0.876759,26.926509
-0.876861,26.927897
-0.876963,26.929286
-0.877065,26.930674
-0.877167,26.932062
-0.877269,26.933450
-0.877372,26.934838
-0.877474,26.936226
-0.877576,26.937614
-0.877678,26.939002
-0.877780,26.940390
-0.877882,26.941777
-0.877985,26.943165
-0.878087,26.944552
-0.878189,26.945940
-0.878291,26.947327
-0.878393,26.948714
-0.878495,26.950102
-0.878598,26.951489
-0.878700,26.952876
-0.878802,26.954263
-0.878904,26.955650
-0.879007,26.957036
-0.879109,26.958423
-0.879211,26.959810
-0.879313,26.961196
-0.879415,26.962583
-0.879518,26.963969
-0.879620,26.965356
-0.879722,26.966742
-0.879824,26.968128
-0.879927,26.969514
-0.880029,26.970901
-0.880131,26.972287
-0.880233,26.973672
-0.880336,26.975058
-0.880438,26.976444
-0.880540,26.977830
-0.880642,26.979215
-0.880745,26.980601
-0.880847,26.981986
-0.880949,26.983372
-0.881051,26.984757
-0.881154,26.986142
-0.881256,26.987528
-0.881358,26.988913
-0.881460,26.990298
-0.881563,26.991683
-0.881665,26.993067
-0.881767,26.994452
-0.881870,26.995837
-0.881972,26.997222
-0.882074,26.998606
-0.882177,26.999991
-0.882279,27.001375
-0.882381,27.002759
-0.882484,27.004144
-0.882586,27.005528
-0.882688,27.006912
-0.882790,27.008296
-0.882893,27.009680
-0.882995,27.011064
-0.883097,27.012448
-0.883200,27.013831
-0.883302,27.015215
-0.883405,27.016599
-0.883507,27.017982
-0.883609,27.019366
-0.883712,27.020749
-0.883814,27.022132
-0.883916,27.023515
-0.884019,27.024899
-0.884121,27.026282
-0.884223,27.027665
-0.884326,27.029048
-0.884428,27.030430
-0.884531,27.031813
-0.884633,27.033196
-0.884735,27.034578
-0.884838,27.035961
-0.884940,27.037343
-0.885042,27.038726
-0.885145,27.040108
-0.885247,27.041490
-0.885350,27.042872
-0.885452,27.044254
-0.885555,27.045636
-0.885657,27.047018
-0.885759,27.048400
-0.885862,27.049782
-0.885964,27.051164
-0.886067,27.052545
-0.886169,27.053927
-0.886272,27.055308
-0.886374,27.056690
-0.886476,27.058071
-0.886579,27.059452
-0.886681,27.060833
-0.886784,27.062215
-0.886886,27.063596
-0.886989,27.064977
-0.887091,27.066357
-0.887194,27.067738
-0.887296,27.069119
-0.887399,27.070500
-0.887501,27.071880
-0.887603,27.073261
-0.887706,27.074641
-0.887808,27.076021
-0.887911,27.077402
-0.888013,27.078782
-0.888116,27.080162
-0.888218,27.081542
-0.888321,27.082922
-0.888423,27.084302
-0.888526,27.085682
-0.888628,27.087061
-0.888731,27.088441
-0.888833,27.089821
-0.888936,27.091200
-0.889038,27.092580
-0.889141,27.093959
-0.889244,27.095338
-0.889346,27.096717
-0.889449,27.098097
-0.889551,27.099476
-0.889654,27.100855
-0.889756,27.102233
-0.889859,27.103612
-0.889961,27.104991
-0.890064,27.106370
-0.890166,27.107748
-0.890269,27.109127
-0.890372,27.110505
-0.890474,27.111884
-0.890577,27.113262
-0.890679,27.114640
-0.890782,27.116018
-0.890884,27.117396
-0.890987,27.118774
-0.891090,27.120152
-0.891192,27.121530
-0.891295,27.122908
-0.891397,27.124286
-0.891500,27.125663
-0.891603,27.127041
-0.891705,27.128418
-0.891808,27.129796
-0.891910,27.131173
-0.892013,27.132550
-0.892116,27.133927
-0.892218,27.135305
-0.892321,27.136682
-0.892423,27.138058
-0.892526,27.139435
-0.892629,27.140812
-0.892731,27.142189
-0.892834,27.143566
-0.892937,27.144942
-0.893039,27.146319
-0.893142,27.147695
-0.893245,27.149071
-0.893347,27.150448
-0.893450,27.151824
-0.893553,27.153200
-0.893655,27.154576
-0.893758,27.155952
-0.893861,27.157328
-0.893963,27.158704
-0.894066,27.160079
-0.894169,27.161455
-0.894271,27.162831
-0.894374,27.164206
-0.894477,27.165581
-0.894579,27.166957
-0.894682,27.168332
-0.894785,27.169707
-0.894887,27.171082
-0.894990,27.172458
-0.895093,27.173832
-0.895196,27.175207
-0.895298,27.176582
-0.895401,27.177957
-0.895504,27.179332
-0.895606,27.180706
-0.895709,27.182081
-0.895812,27.183455
-0.895915,27.184830
-0.896017,27.186204
-0.896120,27.187578
-0.896223,27.188952
-0.896326,27.190326
-0.896428,27.191700
-0.896531,27.193074
-0.896634,27.194448
-0.896737,27.195822
-0.896839,27.197196
-0.896942,27.198569
-0.897045,27.199943
-0.897148,27.201316
-0.897250,27.202690
-0.897353,27.204063
-0.897456,27.205436
-0.897559,27.206809
-0.897662,27.208182
-0.897764,27.209555
-0.897867,27.210928
-0.897970,27.212301
-0.898073,27.213674
-0.898176,27.215047
-0.898278,27.216419
-0.898381,27.217792
-0.898484,27.219164
-0.898587,27.220537
-0.898690,27.221909
-0.898792,27.223281
-0.898895,27.224654
-0.898998,27.226026
-0.899101,27.227398
-0.899204,27.228770
-0.899307,27.230142
-0.899409,27.231513
-0.899512,27.232885
-0.899615,27.234257
-0.899718,27.235628
-0.899821,27.237000
-0.899924,27.238371
-0.900026,27.239743
-0.900129,27.241114
-0.900232,27.242485
-0.900335,27.243856
-0.900438,27.245227
-0.900541,27.246598
-0.900644,27.247969
-0.900747,27.249340
-0.900849,27.250711
-0.900952,27.252081
-0.901055,27.253452
-0.901158,27.254823
-0.901261,27.256193
-0.901364,27.257563
-0.901467,27.258934
-0.901570,27.260304
-0.901673,27.261674
-0.901775,27.263044
-0.901878,27.264414
-0.901981,27.265784
-0.902084,27.267154
-0.902187,27.268524
-0.902290,27.269893
-0.902393,27.271263
-0.902496,27.272632
-0.902599,27.274002
-0.902702,27.275371
-0.902805,27.276741
-0.902908,27.278110
-0.903011,27.279479
-0.903114,27.280848
-0.903217,27.282217
-0.903319,27.283586
-0.903422,27.284955
-0.903525,27.286324
-0.903628,27.287692
-0.903731,27.289061
-0.903834,27.290430
-0.903937,27.291798
-0.904040,27.293166
-0.904143,27.294535
-0.904246,27.295903
-0.904349,27.297271
-0.904452,27.298639
-0.904555,27.300007
-0.904658,27.301375
-0.904761,27.302743
-0.904864,27.304111
-0.904967,27.305479
-0.905070,27.306846
-0.905173,27.308214
-0.905276,27.309581
-0.905379,27.310949
-0.905482,27.312316
-0.905585,27.313683
-0.905688,27.315051
-0.905791,27.316418
-0.905894,27.317785
-0.905997,27.319152
-0.906100,27.320519
-0.906203,27.321886
-0.906307,27.323252
-0.906410,27.324619
-0.906513,27.325986
-0.906616,27.327352
-0.906719,27.328718
-0.906822,27.330085
-0.906925,27.331451
-0.907028,27.332817
-0.907131,27.334183
-0.907234,27.335550
-0.907337,27.336916
-0.907440,27.338281
-0.907543,27.339647
-0.907646,27.341013
-0.907749,27.342379
-0.907853,27.343744
-0.907956,27.345110
-0.908059,27.346475
-0.908162,27.347841
-0.908265,27.349206
-0.908368,27.350571
-0.908471,27.351936
-0.908574,27.353301
-0.908677,27.354666
-0.908781,27.356031
-0.908884,27.357396
-0.908987,27.358761
-0.909090,27.360126
-0.909193,27.361490
-0.909296,27.362855
-0.909399,27.364219
-0.909502,27.365584
-0.909606,27.366948
-0.909709,27.368312
-0.909812,27.369677
-0.909915,27.371041
-0.910018,27.372405
-0.910121,27.373769
-0.910224,27.375132
-0.910328,27.376496
-0.910431,27.377860
-0.910534,27.379224
-0.910637,27.380587
-0.910740,27.381951
-0.910843,27.383314
-0.910947,27.384677
-0.911050,27.386041
-0.911153,27.387404
-0.911256,27.388767
-0.911359,27.390130
-0.911463,27.391493
-0.911566,27.392856
-0.911669,27.394219
-0.911772,27.395581
-0.911875,27.396944
-0.911979,27.398307
-0.912082,27.399669
-0.912185,27.401032
-0.912288,27.402394
-0.912392,27.403756
-0.912495,27.405118
-0.912598,27.406481
-0.912701,27.407843
-0.912804,27.409205
-0.912908,27.410566
-0.913011,27.411928
-0.913114,27.413290
-0.913217,27.414652
-0.913321,27.416013
-0.913424,27.417375
-0.913527,27.418736
-0.913630,27.420098
-0.913734,27.421459
-0.913837,27.422820
-0.913940,27.424181
-0.914044,27.425542
-0.914147,27.426903
-0.914250,27.428264
-0.914353,27.429625
-0.914457,27.430986
-0.914560,27.432347
-0.914663,27.433707
-0.914767,27.435068
-0.914870,27.436428
-0.914973,27.437789
-0.915076,27.439149
-0.915180,27.440509
-0.915283,27.441869
-0.915386,27.443229
-0.915490,27.444589
-0.915593,27.445949
-0.915696,27.447309
-0.915800,27.448669
-0.915903,27.450029
-0.916006,27.451388
-0.916110,27.452748
-0.916213,27.454107
-0.916316,27.455467
-0.916420,27.456826
-0.916523,27.458185
-0.916626,27.459545
-0.916730,27.460904
-0.916833,27.462263
-0.916936,27.463622
-0.917040,27.464981
-0.917143,27.466339
-0.917246,27.467698
-0.917350,27.469057
-0.917453,27.470415
-0.917557,27.471774
-0.917660,27.473132
-0.917763,27.474491
-0.917867,27.475849
-0.917970,27.477207
-0.918073,27.478565
-0.918177,27.479923
-0.918280,27.481281
-0.918384,27.482639
-0.918487,27.483997
-0.918590,27.485355
-0.918694,27.486712
-0.918797,27.488070
-0.918901,27.489427
-0.919004,27.490785
-0.919108,27.492142
-0.919211,27.493499
-0.919314,27.494857
-0.919418,27.496214
-0.919521,27.497571
-0.919625,27.498928
-0.919728,27.500285
-0.919832,27.501642
-0.919935,27.502998
-0.920038,27.504355
-0.920142,27.505712
-0.920245,27.507068
-0.920349,27.508425
-0.920452,27.509781
-0.920556,27.511137
-0.920659,27.512494
-0.920763,27.513850
-0.920866,27.515206
-0.920970,27.516562
-0.921073,27.517918
-0.921177,27.519274
-0.921280,27.520629
-0.921383,27.521985
-0.921487,27.523341
-0.921590,27.524696
-0.921694,27.526052
-0.921797,27.527407
-0.921901,27.528762
-0.922004,27.530118
-0.922108,27.531473
-0.922211,27.532828
-0.922315,27.534183
-0.922418,27.535538
-0.922522,27.536893
-0.922626,27.538247
-0.922729,27.539602
-0.922833,27.540957
-0.922936,27.542311
-0.923040,27.543666
-0.923143,27.545020
-0.923247,27.546375
-0.923350,27.547729
-0.923454,27.549083
-0.923557,27.550437
-0.923661,27.551791
-0.923764,27.553145
-0.923868,27.554499
-0.923972,27.555853
-0.924075,27.557207
-0.924179,27.558560
-0.924282,27.559914
-0.924386,27.561267
-0.924489,27.562621
-0.924593,27.563974
-0.924697,27.565327
-0.924800,27.566680
-0.924904,27.568034
-0.925007,27.569387
-0.925111,27.570740
-0.925214,27.572093
-0.925318,27.573445
-0.925422,27.574798
-0.925525,27.576151
-0.925629,27.577503
-0.925732,27.578856
-0.925836,27.580208
-0.925940,27.581561
-0.926043,27.582913
-0.926147,27.584265
-0.926251,27.585617
-0.926354,27.586969
-0.926458,27.588321
-0.926561,27.589673
-0.926665,27.591025
-0.926769,27.592377
-0.926872,27.593729
-0.926976,27.595080
-0.927080,27.596432
-0.927183,27.597783
-0.927287,27.599135
-0.927391,27.600486
-0.927494,27.601837
-0.927598,27.603188
-0.927702,27.604539
-0.927805,27.605890
-0.927909,27.607241
-0.928013,27.608592
-0.928116,27.609943
-0.928220,27.611294
-0.928324,27.612644
-0.928427,27.613995
-0.928531,27.615345
-0.928635,27.616696
-0.928738,27.618046
-0.928842,27.619396
-0.928946,27.620746
-0.929049,27.622096
-0.929153,27.623446
-0.929257,27.624796
-0.929361,27.626146
-0.929464,27.627496
-0.929568,27.628846
-0.929672,27.630195
-0.929775,27.631545
-0.929879,27.632894
-0.929983,27.634244
-0.930087,27.635593
-0.930190,27.636942
-0.930294,27.638292
-0.930398,27.639641
-0.930502,27.640990
-0.930605,27.642339
-0.930709,27.643688
-0.930813,27.645036
-0.930917,27.646385
-0.931020,27.647734
-0.931124,27.649082
-0.931228,27.650431
-0.931332,27.651779
-0.931435,27.653128
-0.931539,27.654476
-0.931643,27.655824
-0.931747,27.657172
-0.931851,27.658520
-0.931954,27.659868
-0.932058,27.661216
-0.932162,27.662564
-0.932266,27.663912
-0.932369,27.665259
-0.932473,27.666607
-0.932577,27.667954
-0.932681,27.669302
-0.932785,27.670649
-0.932889,27.671997
-0.932992,27.673344
-0.933096,27.674691
-0.933200,27.676038
-0.933304,27.677385
-0.933408,27.678732
-0.933511,27.680079
-0.933615,27.681425
-0.933719,27.682772
-0.933823,27.684119
-0.933927,27.685465
-0.934031,27.686812
-0.934134,27.688158
-0.934238,27.689504
-0.934342,27.690851
-0.934446,27.692197
-0.934550,27.693543
-0.934654,27.694889
-0.934758,27.696235
-0.934861,27.697581
-0.934965,27.698926
-0.935069,27.700272
-0.935173,27.701618
-0.935277,27.702963
-0.935381,27.704309
-0.935485,27.705654
-0.935589,27.706999
-0.935692,27.708345
-0.935796,27.709690
-0.935900,27.711035
-0.936004,27.712380
-0.936108,27.713725
-0.936212,27.715070
-0.936316,27.716415
-0.936420,27.717759
-0.936524,27.719104
-0.936628,27.720448
-0.936731,27.721793
-0.936835,27.723137
-0.936939,27.724482
-0.937043,27.725826
-0.937147,27.727170
-0.937251,27.728514
-0.937355,27.729858
-0.937459,27.731202
-0.937563,27.732546
-0.937667,27.733890
-0.937771,27.735234
-0.937875,27.736577
-0.937979,27.737921
-0.938083,27.739264
-0.938187,27.740608
-0.938291,27.741951
-0.938395,27.743294
-0.938498,27.744638
-0.938602,27.745981
-0.938706,27.747324
-0.938810,27.748667
-0.938914,27.750010
-0.939018,27.751352
-0.939122,27.752695
-0.939226,27.754038
-0.939330,27.755380
-0.939434,27.756723
-0.939538,27.758065
-0.939642,27.759408
-0.939746,27.760750
-0.939850,27.762092
-0.939954,27.763434
-0.940058,27.764776
-0.940162,27.766118
-0.940266,27.767460
-0.940370,27.768802
-0.940474,27.770144
-0.940578,27.771486
-0.940682,27.772827
-0.940786,27.774169
-0.940890,27.775510
-0.940994,27.776851
-0.941099,27.778193
-0.941203,27.779534
-0.941307,27.780875
-0.941411,27.782216
-0.941515,27.783557
-0.941619,27.784898
-0.941723,27.786239
-0.941827,27.787580
-0.941931,27.788920
-0.942035,27.790261
-0.942139,27.791602
-0.942243,27.792942
-0.942347,27.794282
-0.942451,27.795623
-0.942555,27.796963
-0.942659,27.798303
-0.942763,27.799643
-0.942868,27.800983
-0.942972,27.802323
-0.943076,27.803663
-0.943180,27.805003
-0.943284,27.806343
-0.943388,27.807682
-0.943492,27.809022
-0.943596,27.810361
-0.943700,27.811701
-0.943804,27.813040
-0.943909,27.814379
-0.944013,27.815718
-0.944117,27.817057
-0.944221,27.818396
-0.944325,27.819735
-0.944429,27.821074
-0.944533,27.822413
-0.944637,27.823752
-0.944742,27.825090
-0.944846,27.826429
-0.944950,27.827768
-0.945054,27.829106
-0.945158,27.830444
-0.945262,27.831783
-0.945366,27.833121
-0.945471,27.834459
-0.945575,27.835797
-0.945679,27.837135
-0.945783,27.838473
-0.945887,27.839811
-0.945991,27.841148
-0.946096,27.842486
-0.946200,27.843823
-0.946304,27.845161
-0.946408,27.846498
-0.946512,27.847836
-0.946616,27.849173
-0.946721,27.850510
-0.946825,27.851847
-0.946929,27.853184
-0.947033,27.854521
-0.947137,27.855858
-0.947242,27.857195
-0.947346,27.858532
-0.947450,27.859869
-0.947554,27.861205
-0.947659,27.862542
-0.947763,27.863878
-0.947867,27.865214
-0.947971,27.866551
-0.948075,27.867887
-0.948180,27.869223
-0.948284,27.870559
-0.948388,27.871895
-0.948492,27.873231
-0.948597,27.874567
-0.948701,27.875903
-0.948805,27.877238
-0.948909,27.878574
-0.949014,27.879909
-0.949118,27.881245
-0.949222,27.882580
-0.949326,27.883916
-0.949431,27.885251
-0.949535,27.886586
-0.949639,27.887921
-0.949743,27.889256
-0.949848,27.890591
-0.949952,27.891926
-0.950056,27.893261
-0.950160,27.894595
-0.950265,27.895930
-0.950369,27.897264
-0.950473,27.898599
-0.950578,27.899933
-0.950682,27.901268
-0.950786,27.902602
-0.950891,27.903936
-0.950995,27.905270
-0.951099,27.906604
-0.951203,27.907938
-0.951308,27.909272
-0.951412,27.910606
-0.951516,27.911939
-0.951621,27.913273
-0.951725,27.914607
-0.951829,27.915940
-0.951934,27.917274
-0.952038,27.918607
-0.952142,27.919940
-0.952247,27.921273
-0.952351,27.922606
-0.952455,27.923939
-0.952560,27.925272
-0.952664,27.926605
-0.952768,27.927938
-0.952873,27.929271
-0.952977,27.930603
-0.953081,27.931936
-0.953186,27.933269
-0.953290,27.934601
-0.953395,27.935933
-0.953499,27.937266
-0.953603,27.938598
-0.953708,27.939930
-0.953812,27.941262
-0.953916,27.942594
-0.954021,27.943926
-0.954125,27.945258
-0.954230,27.946589
-0.954334,27.947921
-0.954438,27.949253
-0.954543,27.950584
-0.954647,27.951915
-0.954752,27.953247
-0.954856,27.954578
-0.954960,27.955909
-0.955065,27.957240
-0.955169,27.958571
-0.955274,27.959902
-0.955378,27.961233
-0.955482,27.962564
-0.955587,27.963895
-0.955691,27.965226
-0.955796,27.966556
-0.955900,27.967887
-0.956005,27.969217
-0.956109,27.970548
-0.956214,27.971878
-0.956318,27.973208
-0.956422,27.974538
-0.956527,27.975868
-0.956631,27.977198
-0.956736,27.978528
-0.956840,27.979858
-0.956945,27.981188
-0.957049,27.982517
-0.957154,27.983847
-0.957258,27.985177
-0.957363,27.986506
-0.957467,27.987835
-0.957572,27.989165
-0.957676,27.990494
-0.957780,27.991823
-0.957885,27.993152
-0.957989,27.994481
-0.958094,27.995810
-0.958198,27.997139
-0.958303,27.998468
-0.958407,27.999796
-0.958512,28.001125
-0.958616,28.002454
-0.958721,28.003782
-0.958825,28.005110
-0.958930,28.006439
-0.959034,28.007767
-0.959139,28.009095
-0.959244,28.010423
-0.959348,28.011751
-0.959453,28.013079
-0.959557,28.014407
-0.959662,28.015735
-0.959766,28.017063
-0.959871,28.018390
-0.959975,28.019718
-0.960080,28.021045
-0.960184,28.022373
-0.960289,28.023700
-0.960393,28.025027
-0.960498,28.026354
-0.960603,28.027681
-0.960707,28.029009
-0.960812,28.030335
-0.960916,28.031662
-0.961021,28.032989
-0.961125,28.034316
-0.961230,28.035643
-0.961335,28.036969
-0.961439,28.038296
-0.961544,28.039622
-0.961648,28.040948
-0.961753,28.042275
-0.961857,28.043601
-0.961962,28.044927
-0.962067,28.046253
-0.962171,28.047579
-0.962276,28.048905
-0.962380,28.050231
-0.962485,28.051556
-0.962590,28.052882
-0.962694,28.054208
-0.962799,28.055533
-0.962903,28.056858
-0.963008,28.058184
-0.963113,28.059509
-0.963217,28.060834
-0.963322,28.062159
-0.963427,28.063484
-0.963531,28.064809
-0.963636,28.066134
-0.963741,28.067459
-0.963845,28.068784
-0.963950,28.070109
-0.964054,28.071433
-0.964159,28.072758
-0.964264,28.074082
-0.964368,28.075407
-0.964473,28.076731
-0.964578,28.078055
-0.964682,28.079379
-0.964787,28.080703
-0.964892,28.082027
-0.964996,28.083351
-0.965101,28.084675
-0.965206,28.085999
-0.965310,28.087322
-0.965415,28.088646
-0.965520,28.089970
-0.965624,28.091293
-0.965729,28.092616
-0.965834,28.093940
-0.965939,28.095263
-0.966043,28.096586
-0.966148,28.097909
-0.966253,28.099232
-0.966357,28.100555
-0.966462,28.101878
-0.966567,28.103201
-0.966671,28.104523
-0.966776,28.105846
-0.966881,28.107168
-0.966986,28.108491
-0.967090,28.109813
-0.967195,28.111136
-0.967300,28.112458
-0.967405,28.113780
-0.967509,28.115102
-0.967614,28.116424
-0.967719,28.117746
-0.967823,28.119068
-0.967928,28.120390
-0.968033,28.121711
-0.968138,28.123033
-0.968242,28.124355
-0.968347,28.125676
-0.968452,28.126997
-0.968557,28.128319
-0.968662,28.129640
-0.968766,28.130961
-0.968871,28.132282
-0.968976,28.133603
-0.969081,28.134924
-0.969185,28.136245
-0.969290,28.137566
-0.969395,28.138887
-0.969500,28.140207
-0.969605,28.141528
-0.969709,28.142848
-0.969814,28.144169
-0.969919,28.145489
-0.970024,28.146809
-0.970128,28.148129
-0.970233,28.149450
-0.970338,28.150770
-0.970443,28.152090
-0.970548,28.153409
-0.970653,28.154729
-0.970757,28.156049
-0.970862,28.157369
-0.970967,28.158688
-0.971072,28.160008
-0.971177,28.161327
-0.971281,28.162646
-0.971386,28.163966
-0.971491,28.165285
-0.971596,28.166604
-0.971701,28.167923
-0.971806,28.169242
-0.971911,28.170561
-0.972015,28.171880
-0.972120,28.173199
-0.972225,28.174517
-0.972330,28.175836
-0.972435,28.177154
-0.972540,28.178473
-0.972645,28.179791
-0.972749,28.181109
-0.972854,28.182428
-0.972959,28.183746
-0.973064,28.185064
-0.973169,28.186382
-0.973274,28.187700
-0.973379,28.189017
-0.973484,28.190335
-0.973588,28.191653
-0.973693,28.192970
-0.973798,28.194288
-0.973903,28.195605
-0.974008,28.196923
-0.974113,28.198240
-0.974218,28.199557
-0.974323,28.200874
-0.974428,28.202191
-0.974533,28.203508
-0.974637,28.204825
-0.974742,28.206142
-0.974847,28.207459
-0.974952,28.208776
-0.975057,28.210092
-0.975162,28.211409
-0.975267,28.212725
-0.975372,28.214042
-0.975477,28.215358
-0.975582,28.216674
-0.975687,28.217990
-0.975792,28.219306
-0.975897,28.220622
-0.976002,28.221938
-0.976107,28.223254
-0.976212,28.224570
-0.976316,28.225886
-0.976421,28.227201
-0.976526,28.228517
-0.976631,28.229832
-0.976736,28.231148
-0.976841,28.232463
-0.976946,28.233778
-0.977051,28.235093
-0.977156,28.236408
-0.977261,28.237723
-0.977366,28.239038
-0.977471,28.240353
-0.977576,28.241668
-0.977681,28.242983
-0.977786,28.244297
-0.977891,28.245612
-0.977996,28.246926
-0.978101,28.248241
-0.978206,28.249555
-0.978311,28.250869
-0.978416,28.252183
-0.978521,28.253498
-0.978626,28.254812
-0.978731,28.256126
-0.978836,28.257439
-0.978941,28.258753
-0.979046,28.260067
-0.979151,28.261381
-0.979256,28.262694
-0.979361,28.264008
-0.979466,28.265321
-0.979571,28.266634
-0.979676,28.267948
-0.979782,28.269261
-0.979887,28.270574
-0.979992,28.271887
-0.980097,28.273200
-0.980202,28.274513
-0.980307,28.275826
-0.980412,28.277138
-0.980517,28.278451
-0.980622,28.279763
-0.980727,28.281076
-0.980832,28.282388
-0.980937,28.283701
-0.981042,28.285013
-0.981147,28.286325
-0.981252,28.287637
-0.981358,28.288949
-0.981463,28.290261
-0.981568,28.291573
-0.981673,28.292885
-0.981778,28.294197
-0.981883,28.295508
-0.981988,28.296820
-0.982093,28.298131
-0.982198,28.299443
-0.982303,28.300754
-0.982408,28.302066
-0.982514,28.303377
-0.982619,28.304688
-0.982724,28.305999
-0.982829,28.307310
-0.982934,28.308621
-0.983039,28.309932
-0.983144,28.311242
-0.983249,28.312553
-0.983355,28.313864
-0.983460,28.315174
-0.983565,28.316485
-0.983670,28.317795
-0.983775,28.319105
-0.983880,28.320415
-0.983985,28.321726
-0.984091,28.323036
-0.984196,28.324346
-0.984301,28.325656
-0.984406,28.326965
-0.984511,28.328275
-0.984616,28.329585
-0.984722,28.330894
-0.984827,28.332204
-0.984932,28.333513
-0.985037,28.334823
-0.985142,28.336132
-0.985247,28.337441
-0.985353,28.338750
-0.985458,28.340059
-0.985563,28.341368
-0.985668,28.342677
-0.985773,28.343986
-0.985878,28.345295
-0.985984,28.346604
-0.986089,28.347912
-0.986194,28.349221
-0.986299,28.350529
-0.986405,28.351838
-0.986510,28.353146
-0.986615,28.354454
-0.986720,28.355762
-0.986825,28.357070
-0.986931,28.358378
-0.987036,28.359686
-0.987141,28.360994
-0.987246,28.362302
-0.987351,28.363610
-0.987457,28.364917
-0.987562,28.366225
-0.987667,28.367532
-0.987772,28.368840
-0.987878,28.370147
-0.987983,28.371454
-0.988088,28.372761
-0.988193,28.374069
-0.988299,28.375376
-0.988404,28.376682
-0.988509,28.377989
-0.988614,28.379296
-0.988720,28.380603
-0.988825,28.381909
-0.988930,28.383216
-0.989035,28.384522
-0.989141,28.385829
-0.989246,28.387135
-0.989351,28.388441
-0.989457,28.389748
-0.989562,28.391054
-0.989667,28.392360
-0.989772,28.393666
-0.989878,28.394972
-0.989983,28.396277
-0.990088,28.397583
-0.990194,28.398889
-0.990299,28.400194
-0.990404,28.401500
-0.990510,28.402805
-0.990615,28.404111
-0.990720,28.405416
-0.990825,28.406721
-0.990931,28.408026
-0.991036,28.409331
-0.991141,28.410636
-0.991247,28.411941
-0.991352,28.413246
-0.991457,28.414550
-0.991563,28.415855
-0.991668,28.417160
-0.991773,28.418464
-0.991879,28.419769
-0.991984,28.421073
-0.992089,28.422377
-0.992195,28.423681
-0.992300,28.424986
-0.992405,28.426290
-0.992511,28.427594
-0.992616,28.428897
-0.992722,28.430201
-0.992827,28.431505
-0.992932,28.432809
-0.993038,28.434112
-0.993143,28.435416
-0.993248,28.436719
-0.993354,28.438022
-0.993459,28.439326
-0.993564,28.440629
-0.993670,28.441932
-0.993775,28.443235
-0.993881,28.444538
-0.993986,28.445841
-0.994091,28.447144
-0.994197,28.448447
-0.994302,28.449749
-0.994408,28.451052
-0.994513,28.452354
-0.994618,28.453657
-0.994724,28.454959
-0.994829,28.456261
-0.994935,28.457564
-0.995040,28.458866
-0.995145,28.460168
-0.995251,28.461470
-0.995356,28.462772
-0.995462,28.464074
-0.995567,28.465375
-0.995673,28.466677
-0.995778,28.467979
-0.995883,28.469280
-0.995989,28.470582
-0.996094,28.471883
-0.996200,28.473184
-0.996305,28.474485
-0.996411,28.475787
-0.996516,28.477088
-0.996622,28.478389
-0.996727,28.479689
-0.996832,28.480990
-0.996938,28.482291
-0.997043,28.483592
-0.997149,28.484892
-0.997254,28.486193
-0.997360,28.487493
-0.997465,28.488794
-0.997571,28.490094
-0.997676,28.491394
-0.997782,28.492694
-0.997887,28.493995
-0.997993,28.495295
-0.998098,28.496594
-0.998204,28.497894
-0.998309,28.499194
-0.998415,28.500494
-0.998520,28.501793
-0.998626,28.503093
-0.998731,28.504392
-0.998837,28.505692
-0.998942,28.506991
-0.999048,28.508290
-0.999153,28.509589
-0.999259,28.510889
-0.999364,28.512188
-0.999470,28.513486
-0.999575,28.514785
-0.999681,28.516084
-0.999786,28.517383
-0.999892,28.518681
-0.999997,28.519980
-1.000103,28.521278
-1.000208,28.522577
-1.000314,28.523875
-1.000419,28.525173
-1.000525,28.526472
-1.000631,28.527770
-1.000736,28.529068
-1.000842,28.530366
-1.000947,28.531663
-1.001053,28.532961
-1.001158,28.534259
-1.001264,28.535557
-1.001369,28.536854
-1.001475,28.538152
-1.001581,28.539449
-1.001686,28.540746
-1.001792,28.542044
-1.001897,28.543341
-1.002003,28.544638
-1.002108,28.545935
-1.002214,28.547232
-1.002320,28.548529
-1.002425,28.549826
-1.002531,28.551122
-1.002636,28.552419
-1.002742,28.553715
-1.002848,28.555012
-1.002953,28.556308
-1.003059,28.557605
-1.003164,28.558901
-1.003270,28.560197
-1.003376,28.561493
-1.003481,28.562789
-1.003587,28.564085
-1.003692,28.565381
-1.003798,28.566677
-1.003904,28.567973
-1.004009,28.569268
-1.004115,28.570564
-1.004221,28.571859
-1.004326,28.573155
-1.004432,28.574450
-1.004537,28.575745
-1.004643,28.577041
-1.004749,28.578336
-1.004854,28.579631
-1.004960,28.580926
-1.005066,28.582221
-1.005171,28.583515
-1.005277,28.584810
-1.005383,28.586105
-1.005488,28.587399
-1.005594,28.588694
-1.005700,28.589988
-1.005805,28.591283
-1.005911,28.592577
-1.006017,28.593871
-1.006122,28.595165
-1.006228,28.596459
-1.006334,28.597753
-1.006439,28.599047
-1.006545,28.600341
-1.006651,28.601635
-1.006756,28.602928
-1.006862,28.604222
-1.006968,28.605515
-1.007074,28.606809
-1.007179,28.608102
-1.007285,28.609396
-1.007391,28.610689
-1.007496,28.611982
-1.007602,28.613275
-1.007708,28.614568
-1.007813,28.615861
-1.007919,28.617154
-1.008025,28.618446
-1.008131,28.619739
-1.008236,28.621032
-1.008342,28.622324
-1.008448,28.623617
-1.008553,28.624909
-1.008659,28.626201
-1.008765,28.627493
-1.008871,28.628786
-1.008976,28.630078
-1.009082,28.631370
-1.009188,28.632662
-1.009294,28.633953
-1.009399,28.635245
-1.009505,28.636537
-1.009611,28.637828
-1.009717,28.639120
-1.009822,28.640411
-1.009928,28.641703
-1.010034,28.642994
-1.010140,28.644285
-1.010245,28.645576
-1.010351,28.646867
-1.010457,28.648158
-1.010563,28.649449
-1.010669,28.650740
-1.010774,28.652031
-1.010880,28.653322
-1.010986,28.654612
-1.011092,28.655903
-1.011198,28.657193
-1.011303,28.658484
-1.011409,28.659774
-1.011515,28.661064
-1.011621,28.662354
-1.011726,28.663644
-1.011832,28.664934
-1.011938,28.666224
-1.012044,28.667514
-1.012150,28.668804
-1.012256,28.670094
-1.012361,28.671383
-1.012467,28.672673
-1.012573,28.673962
-1.012679,28.675252
-1.012785,28.676541
-1.012890,28.677830
-1.012996,28.679119
-1.013102,28.680408
-1.013208,28.681697
-1.013314,28.682986
-1.013420,28.684275
-1.013525,28.685564
-1.013631,28.686853
-1.013737,28.688141
-1.013843,28.689430
-1.013949,28.690718
-1.014055,28.692007
-1.014161,28.693295
-1.014266,28.694583
-1.014372,28.695871
-1.014478,28.697160
-1.014584,28.698448
-1.014690,28.699736
-1.014796,28.701023
-1.014902,28.702311
-1.015008,28.703599
-1.015113,28.704886
-1.015219,28.706174
-1.015325,28.707462
-1.015431,28.708749
-1.015537,28.710036
-1.015643,28.711324
-1.015749,28.712611
-1.015855,28.713898
-1.015961,28.715185
-1.016066,28.716472
-1.016172,28.717759
-1.016278,28.719045
-1.016384,28.720332
-1.016490,28.721619
-1.016596,28.722905
-1.016702,28.724192
-1.016808,28.725478
-1.016914,28.726765
-1.017020,28.728051
-1.017126,28.729337
-1.017231,28.730623
-1.017337,28.731909
-1.017443,28.733195
-1.017549,28.734481
-1.017655,28.735767
-1.017761,28.737052
-1.017867,28.738338
-1.017973,28.739624
-1.018079,28.740909
-1.018185,28.742195
-1.018291,28.743480
-1.018397,28.744765
-1.018503,28.746050
-1.018609,28.747335
-1.018715,28.748620
-1.018821,28.749905
-1.018927,28.751190
-1.019033,28.752475
-1.019139,28.753760
-1.019244,28.755044
-1.019350,28.756329
-1.019456,28.757614
-1.019562,28.758898
-1.019668,28.760182
-1.019774,28.761467
-1.019880,28.762751
-1.019986,28.764035
-1.020092,28.765319
-1.020198,28.766603
-1.020304,28.767887
-1.020410,28.769171
-1.020516,28.770454
-1.020622,28.771738
-1.020728,28.773022
-1.020834,28.774305
-1.020940,28.775588
-1.021046,28.776872
-1.021152,28.778155
-1.021258,28.779438
-1.021364,28.780721
-1.021470,28.782004
-1.021576,28.783287
-1.021682,28.784570
-1.021788,28.785853
-1.021894,28.787136
-1.022001,28.788419
-1.022107,28.789701
-1.022213,28.790984
-1.022319,28.792266
-1.022425,28.793548
-1.022531,28.794831
-1.022637,28.796113
-1.022743,28.797395
-1.022849,28.798677
-1.022955,28.799959
-1.023061,28.801241
-1.023167,28.802523
-1.023273,28.803805
-1.023379,28.805086
-1.023485,28.806368
-1.023591,28.807649
-1.023697,28.808931
-1.023803,28.810212
-1.023909,28.811493
-1.024016,28.812775
-1.024122,28.814056
-1.024228,28.815337
-1.024334,28.816618
-1.024440,28.817899
-1.024546,28.819180
-1.024652,28.820460
-1.024758,28.821741
-1.024864,28.823022
-1.024970,28.824302
-1.025076,28.825583
-1.025183,28.826863
-1.025289,28.828143
-1.025395,28.829423
-1.025501,28.830704
-1.025607,28.831984
-1.025713,28.833264
-1.025819,28.834543
-1.025925,28.835823
-1.026031,28.837103
-1.026138,28.838383
-1.026244,28.839662
-1.026350,28.840942
-1.026456,28.842221
-1.026562,28.843501
-1.026668,28.844780
-1.026774,28.846059
-1.026880,28.847338
-1.026987,28.848617
-1.027093,28.849896
-1.027199,28.851175
-1.027305,28.852454
-1.027411,28.853733
-1.027517,28.855012
-1.027623,28.856290
-1.027730,28.857569
-1.027836,28.858847
-1.027942,28.860126
-1.028048,28.861404
-1.028154,28.862682
-1.028260,28.863960
-1.028367,28.865238
-1.028473,28.866516
-1.028579,28.867794
-1.028685,28.869072
-1.028791,28.870350
-1.028898,28.871628
-1.029004,28.872905
-1.029110,28.874183
-1.029216,28.875460
-1.029322,28.876738
-1.029428,28.878015
-1.029535,28.879292
-1.029641,28.880569
-1.029747,28.881846
-1.029853,28.883123
-1.029959,28.884400
-1.030066,28.885677
-1.030172,28.886954
-1.030278,28.888231
-1.030384,28.889507
-1.030491,28.890784
-1.030597,28.892060
-1.030703,28.893337
-1.030809,28.894613
-1.030915,28.895889
-1.031022,28.897165
-1.031128,28.898441
-1.031234,28.899717
-1.031340,28.900993
-1.031447,28.902269
-1.031553,28.903545
-1.031659,28.904821
-1.031765,28.906096
-1.031872,28.907372
-1.031978,28.908647
-1.032084,28.909923
-1.032190,28.911198
-1.032297,28.912473
-1.032403,28.913748
-1.032509,28.915024
-1.032615,28.916299
-1.032722,28.917573
-1.032828,28.918848
-1.032934,28.920123
-1.033040,28.921398
-1.033147,28.922672
-1.033253,28.923947
-1.033359,28.925221
-1.033465,28.926496
-1.033572,28.927770
-1.033678,28.929044
-1.033784,28.930319
-1.033891,28.931593
-1.033997,28.932867
-1.034103,28.934141
-1.034209,28.935415
-1.034316,28.936688
-1.034422,28.937962
-1.034528,28.939236
-1.034635,28.940509
-1.034741,28.941783
-1.034847,28.943056
-1.034954,28.944329
-1.035060,28.945603
-1.035166,28.946876
-1.035273,28.948149
-1.035379,28.949422
-1.035485,28.950695
-1.035592,28.951968
-1.035698,28.953241
-1.035804,28.954513
-1.035910,28.955786
-1.036017,28.957059
-1.036123,28.958331
-1.036229,28.959603
-1.036336,28.960876
-1.036442,28.962148
-1.036549,28.963420
-1.036655,28.964692
-1.036761,28.965964
-1.036868,28.967236
-1.036974,28.968508
-1.037080,28.969780
-1.037187,28.971052
-1.037293,28.972323
-1.037399,28.973595
-1.037506,28.974866
-1.037612,28.976138
-1.037718,28.977409
-1.037825,28.978680
-1.037931,28.979952
-1.038038,28.981223
-1.038144,28.982494
-1.038250,28.983765
-1.038357,28.985036
-1.038463,28.986306
-1.038569,28.987577
-1.038676,28.988848
-1.038782,28.990118
-1.038889,28.991389
-1.038995,28.992659
-1.039101,28.993930
-1.039208,28.995200
-1.039314,28.996470
-1.039421,28.997740
-1.039527,28.999010
-1.039633,29.000280
-1.039740,29.001550
-1.039846,29.002820
-1.039953,29.004089
-1.040059,29.005359
-1.040166,29.006629
-1.040272,29.007898
-1.040378,29.009168
-1.040485,29.010437
-1.040591,29.011706
-1.040698,29.012975
-1.040804,29.014245
-1.040911,29.015514
-1.041017,29.016783
-1.041123,29.018051
-1.041230,29.019320
-1.041336,29.020589
-1.041443,29.021858
-1.041549,29.023126
-1.041656,29.024395
-1.041762,29.025663
-1.041869,29.026932
-1.041975,29.028200
-1.042081,29.029468
-1.042188,29.030736
-1.042294,29.032004
-1.042401,29.033272
-1.042507,29.034540
-1.042614,29.035808
-1.042720,29.037076
-1.042827,29.038343
-1.042933,29.039611
-1.043040,29.040878
-1.043146,29.042146
-1.043253,29.043413
-1.043359,29.044680
-1.043466,29.045948
-1.043572,29.047215
-1.043679,29.048482
-1.043785,29.049749
-1.043892,29.051016
-1.043998,29.052282
-1.044105,29.053549
-1.044211,29.054816
-1.044318,29.056082
-1.044424,29.057349
-1.044531,29.058615
-1.044637,29.059882
-1.044744,29.061148
-1.044850,29.062414
-1.044957,29.063680
-1.045063,29.064946
-1.045170,29.066212
-1.045276,29.067478
-1.045383,29.068744
-1.045489,29.070010
-1.045596,29.071275
-1.045702,29.072541
-1.045809,29.073807
-1.045915,29.075072
-1.046022,29.076337
-1.046129,29.077603
-1.046235,29.078868
-1.046342,29.080133
-1.046448,29.081398
-1.046555,29.082663
-1.046661,29.083928
-1.046768,29.085193
-1.046874,29.086458
-1.046981,29.087722
-1.047088,29.088987
-1.047194,29.090251
-1.047301,29.091516
-1.047407,29.092780
-1.047514,29.094044
-1.047620,29.095309
-1.047727,29.096573
-1.047834,29.097837
-1.047940,29.099101
-1.048047,29.100365
-1.048153,29.101629
-1.048260,29.102892
-1.048366,29.104156
-1.048473,29.105420
-1.048580,29.106683
-1.048686,29.107947
-1.048793,29.109210
-1.048899,29.110473
-1.049006,29.111736
-1.049113,29.113000
-1.049219,29.114263
-1.049326,29.115526
-1.049432,29.116788
-1.049539,29.118051
-1.049646,29.119314
-1.049752,29.120577
-1.049859,29.121839
-1.049966,29.123102
-1.050072,29.124364
-1.050179,29.125627
-1.050285,29.126889
-1.050392,29.128151
-1.050499,29.129413
-1.050605,29.130675
-1.050712,29.131937
-1.050819,29.133199
-1.050925,29.134461
-1.051032,29.135723
-1.051139,29.136985
-1.051245,29.138246
-1.051352,29.139508
-1.051458,29.140769
-1.051565,29.142031
-1.051672,29.143292
-1.051778,29.144553
-1.051885,29.145814
-1.051992,29.147075
-1.052098,29.148336
-1.052205,29.149597
-1.052312,29.150858
-1.052418,29.152119
-1.052525,29.153379
-1.052632,29.154640
-1.052738,29.155901
-1.052845,29.157161
-1.052952,29.158421
-1.053059,29.159682
-1.053165,29.160942
-1.053272,29.162202
-1.053379,29.163462
-1.053485,29.164722
-1.053592,29.165982
-1.053699,29.167242
-1.053805,29.168502
-1.053912,29.169761
-1.054019,29.171021
-1.054125,29.172281
-1.054232,29.173540
-1.054339,29.174799
-1.054446,29.176059
-1.054552,29.177318
-1.054659,29.178577
-1.054766,29.179836
-1.054872,29.181095
-1.054979,29.182354
-1.055086,29.183613
-1.055193,29.184872
-1.055299,29.186130
-1.055406,29.187389
-1.055513,29.188647
-1.055620,29.189906
-1.055726,29.191164
-1.055833,29.192423
-1.055940,29.193681
-1.056046,29.194939
-1.056153,29.196197
-1.056260,29.197455
-1.056367,29.198713
-1.056473,29.199971
-1.056580,29.201229
-1.056687,29.202486
-1.056794,29.203744
-1.056901,29.205001
-1.057007,29.206259
-1.057114,29.207516
-1.057221,29.208774
-1.057328,29.210031
-1.057434,29.211288
-1.057541,29.212545
-1.057648,29.213802
-1.057755,29.215059
-1.057861,29.216316
-1.057968,29.217573
-1.058075,29.218829
-1.058182,29.220086
-1.058289,29.221342
-1.058395,29.222599
-1.058502,29.223855
-1.058609,29.225112
-1.058716,29.226368
-1.058823,29.227624
-1.058929,29.228880
-1.059036,29.230136
-1.059143,29.231392
-1.059250,29.232648
-1.059357,29.233904
-1.059463,29.235159
-1.059570,29.236415
-1.059677,29.237671
-1.059784,29.238926
-1.059891,29.240181
-1.059997,29.241437
-1.060104,29.242692
-1.060211,29.243947
-1.060318,29.245202
-1.060425,29.246457
-1.060532,29.247712
-1.060638,29.248967
-1.060745,29.250222
-1.060852,29.251476
-1.060959,29.252731
-1.061066,29.253986
-1.061173,29.255240
-1.061279,29.256494
-1.061386,29.257749
-1.061493,29.259003
-1.061600,29.260257
-1.061707,29.261511
-1.061814,29.262765
-1.061921,29.264019
-1.062027,29.265273
-1.062134,29.266527
-1.062241,29.267781
-1.062348,29.269034
-1.062455,29.270288
-1.062562,29.271541
-1.062669,29.272795
-1.062775,29.274048
-1.062882,29.275301
-1.062989,29.276554
-1.063096,29.277807
-1.063203,29.279060
-1.063310,29.280313
-1.063417,29.281566
-1.063524,29.282819
-1.063631,29.284072
-1.063737,29.285324
-1.063844,29.286577
-1.063951,29.287829
-1.064058,29.289082
-1.064165,29.290334
-1.064272,29.291586
-1.064379,29.292838
-1.064486,29.294091
-1.064593,29.295343
-1.064700,29.296594
-1.064806,29.297846
-1.064913,29.299098
-1.065020,29.300350
-1.065127,29.301601
-1.065234,29.302853
-1.065341,29.304104
-1.065448,29.305356
-1.065555,29.306607
-1.065662,29.307858
-1.065769,29.309110
-1.065876,29.310361
-1.065983,29.311612
-1.066090,29.312863
-1.066197,29.314113
-1.066303,29.315364
-1.066410,29.316615
-1.066517,29.317866
-1.066624,29.319116
-1.066731,29.320367
-1.066838,29.321617
-1.066945,29.322867
-1.067052,29.324118
-1.067159,29.325368
-1.067266,29.326618
-1.067373,29.327868
-1.067480,29.329118
-1.067587,29.330368
-1.067694,29.331617
-1.067801,29.332867
-1.067908,29.334117
-1.068015,29.335366
-1.068122,29.336616
-1.068229,29.337865
-1.068336,29.339115
-1.068443,29.340364
-1.068550,29.341613
-1.068657,29.342862
-1.068764,29.344111
-1.068871,29.345360
-1.068978,29.346609
-1.069085,29.347858
-1.069192,29.349106
-1.069299,29.350355
-1.069406,29.351604
-1.069513,29.352852
-1.069620,29.354100
-1.069727,29.355349
-1.069834,29.356597
-1.069941,29.357845
-1.070048,29.359093
-1.070155,29.360341
-1.070262,29.361589
-1.070369,29.362837
-1.070476,29.364085
-1.070583,29.365333
-1.070690,29.366580
-1.070797,29.367828
-1.070904,29.369075
-1.071011,29.370323
-1.071118,29.371570
-1.071225,29.372817
-1.071332,29.374064
-1.071439,29.375311
-1.071546,29.376559
-1.071653,29.377805
-1.071760,29.379052
-1.071867,29.380299
-1.071974,29.381546
-1.072081,29.382792
-1.072188,29.384039
-1.072295,29.385285
-1.072403,29.386532
-1.072510,29.387778
-1.072617,29.389024
-1.072724,29.390271
-1.072831,29.391517
-1.072938,29.392763
-1.073045,29.394009
-1.073152,29.395255
-1.073259,29.396500
-1.073366,29.397746
-1.073473,29.398992
-1.073580,29.400237
-1.073687,29.401483
-1.073794,29.402728
-1.073902,29.403973
-1.074009,29.405219
-1.074116,29.406464
-1.074223,29.407709
-1.074330,29.408954
-1.074437,29.410199
-1.074544,29.411444
-1.074651,29.412689
-1.074758,29.413933
-1.074865,29.415178
-1.074973,29.416422
-1.075080,29.417667
-1.075187,29.418911
-1.075294,29.420156
-1.075401,29.421400
-1.075508,29.422644
-1.075615,29.423888
-1.075722,29.425132
-1.075829,29.426376
-1.075937,29.427620
-1.076044,29.428864
-1.076151,29.430108
-1.076258,29.431351
-1.076365,29.432595
-1.076472,29.433838
-1.076579,29.435082
-1.076686,29.436325
-1.076794,29.437568
-1.076901,29.438811
-1.077008,29.440054
-1.077115,29.441298
-1.077222,29.442540
-1.077329,29.443783
-1.077436,29.445026
-1.077544,29.446269
-1.077651,29.447511
-1.077758,29.448754
-1.077865,29.449996
-1.077972,29.451239
-1.078079,29.452481
-1.078187,29.453723
-1.078294,29.454966
-1.078401,29.456208
-1.078508,29.457450
-1.078615,29.458692
-1.078722,29.459934
-1.078830,29.461175
-1.078937,29.462417
-1.079044,29.463659
-1.079151,29.464900
-1.079258,29.466142
-1.079366,29.467383
-1.079473,29.468624
-1.079580,29.469866
-1.079687,29.471107
-1.079794,29.472348
-1.079902,29.473589
-1.080009,29.474830
-1.080116,29.476071
-1.080223,29.477312
-1.080330,29.478552
-1.080438,29.479793
-1.080545,29.481034
-1.080652,29.482274
-1.080759,29.483514
-1.080866,29.484755
-1.080974,29.485995
-1.081081,29.487235
-1.081188,29.488475
-1.081295,29.489715
-1.081402,29.490955
-1.081510,29.492195
-1.081617,29.493435
-1.081724,29.494675
-1.081831,29.495914
-1.081939,29.497154
-1.082046,29.498393
-1.082153,29.499633
-1.082260,29.500872
-1.082368,29.502111
-1.082475,29.503350
-1.082582,29.504590
-1.082689,29.505829
-1.082797,29.507068
-1.082904,29.508306
-1.083011,29.509545
-1.083118,29.510784
-1.083226,29.512023
-1.083333,29.513261
-1.083440,29.514500
-1.083547,29.515738
-1.083655,29.516976
-1.083762,29.518215
-1.083869,29.519453
-1.083976,29.520691
-1.084084,29.521929
-1.084191,29.523167
-1.084298,29.524405
-1.084405,29.525642
-1.084513,29.526880
-1.084620,29.528118
-1.084727,29.529355
-1.084835,29.530593
-1.084942,29.531830
-1.085049,29.533068
-1.085156,29.534305
-1.085264,29.535542
-1.085371,29.536779
-1.085478,29.538016
-1.085586,29.539253
-1.085693,29.540490
-1.085800,29.541727
-1.085908,29.542963
-1.086015,29.544200
-1.086122,29.545437
-1.086230,29.546673
-1.086337,29.547909
-1.086444,29.549146
-1.086551,29.550382
-1.086659,29.551618
-1.086766,29.552854
-1.086873,29.554090
-1.086981,29.555326
-1.087088,29.556562
-1.087195,29.557798
-1.087303,29.559034
-1.087410,29.560269
-1.087517,29.561505
-1.087625,29.562740
-1.087732,29.563976
-1.087839,29.565211
-1.087947,29.566446
-1.088054,29.567681
-1.088161,29.568917
-1.088269,29.570152
-1.088376,29.571387
-1.088483,29.572621
-1.088591,29.573856
-1.088698,29.575091
-1.088806,29.576326
-1.088913,29.577560
-1.089020,29.578795
-1.089128,29.580029
-1.089235,29.581263
-1.089342,29.582498
-1.089450,29.583732
-1.089557,29.584966
-1.089664,29.586200
-1.089772,29.587434
-1.089879,29.588668
-1.089987,29.589901
-1.090094,29.591135
-1.090201,29.592369
-1.090309,29.593602
-1.090416,29.594836
-1.090523,29.596069
-1.090631,29.597302
-1.090738,29.598536
-1.090846,29.599769
-1.090953,29.601002
-1.091060,29.602235
-1.091168,29.603468
-1.091275,29.604701
-1.091383,29.605934
-1.091490,29.607166
-1.091597,29.608399
-1.091705,29.609631
-1.091812,29.610864
-1.091920,29.612096
-1.092027,29.613329
-1.092134,29.614561
-1.092242,29.615793
-1.092349,29.617025
-1.092457,29.618257
-1.092564,29.619489
-1.092672,29.620721
-1.092779,29.621953
-1.092886,29.623184
-1.092994,29.624416
-1.093101,29.625648
-1.093209,29.626879
-1.093316,29.628111
-1.093424,29.629342
-1.093531,29.630573
-1.093638,29.631804
-1.093746,29.633035
-1.093853,29.634266
-1.093961,29.635497
-1.094068,29.636728
-1.094176,29.637959
-1.094283,29.639190
-1.094391,29.640420
-1.094498,29.641651
-1.094606,29.642881
-1.094713,29.644112
-1.094820,29.645342
-1.094928,29.646572
-1.095035,29.647802
-1.095143,29.649033
-1.095250,29.650263
-1.095358,29.651492
-1.095465,29.652722
-1.095573,29.653952
-1.095680,29.655182
-1.095788,29.656411
-1.095895,29.657641
-1.096003,29.658870
-1.096110,29.660100
-1.096218,29.661329
-1.096325,29.662558
-1.096433,29.663788
-1.096540,29.665017
-1.096648,29.666246
-1.096755,29.667475
-1.096863,29.668703
-1.096970,29.669932
-1.097078,29.671161
-1.097185,29.672390
-1.097293,29.673618
-1.097400,29.674847
-1.097508,29.676075
-1.097615,29.677303
-1.097723,29.678532
-1.097830,29.679760
-1.097938,29.680988
-1.098045,29.682216
-1.098153,29.683444
-1.098260,29.684672
-1.098368,29.685899
-1.098475,29.687127
-1.098583,29.688355
-1.098690,29.689582
-1.098798,29.690810
-1.098905,29.692037
-1.099013,29.693264
-1.099120,29.694492
-1.099228,29.695719
-1.099335,29.696946
-1.099443,29.698173
-1.099551,29.699400
-1.099658,29.700627
-1.099766,29.701853
-1.099873,29.703080
-1.099981,29.704307
-1.100088,29.705533
-1.100196,29.706760
-1.100303,29.707986
-1.100411,29.709212
-1.100519,29.710439
-1.100626,29.711665
-1.100734,29.712891
-1.100841,29.714117
-1.100949,29.715343
-1.101056,29.716569
-1.101164,29.717795
-1.101271,29.719020
-1.101379,29.720246
-1.101487,29.721471
-1.101594,29.722697
-1.101702,29.723922
-1.101809,29.725148
-1.101917,29.726373
-1.102025,29.727598
-1.102132,29.728823
-1.102240,29.730048
-1.102347,29.731273
-1.102455,29.732498
-1.102562,29.733723
-1.102670,29.734947
-1.102778,29.736172
-1.102885,29.737396
-1.102993,29.738621
-1.103100,29.739845
-1.103208,29.741070
-1.103316,29.742294
-1.103423,29.743518
-1.103531,29.744742
-1.103639,29.745966
-1.103746,29.747190
-1.103854,29.748414
-1.103961,29.749638
-1.104069,29.750861
-1.104177,29.752085
-1.104284,29.753308
-1.104392,29.754532
-1.104499,29.755755
-1.104607,29.756979
-1.104715,29.758202
-1.104822,29.759425
-1.104930,29.760648
-1.105038,29.761871
-1.105145,29.763094
-1.105253,29.764317
-1.105361,29.765539
-1.105468,29.766762
-1.105576,29.767985
-1.105683,29.769207
-1.105791,29.770430
-1.105899,29.771652
-1.106006,29.772874
-1.106114,29.774097
-1.106222,29.775319
-1.106329,29.776541
-1.106437,29.777763
-1.106545,29.778985
-1.106652,29.780207
-1.106760,29.781428
-1.106868,29.782650
-1.106975,29.783872
-1.107083,29.785093
-1.107191,29.786315
-1.107298,29.787536
-1.107406,29.788757
-1.107514,29.789979
-1.107621,29.791200
-1.107729,29.792421
-1.107837,29.793642
-1.107944,29.794863
-1.108052,29.796084
-1.108160,29.797304
-1.108267,29.798525
-1.108375,29.799746
-1.108483,29.800966
-1.108591,29.802187
-1.108698,29.803407
-1.108806,29.804627
-1.108914,29.805847
-1.109021,29.807068
-1.109129,29.808288
-1.109237,29.809508
-1.109344,29.810728
-1.109452,29.811947
-1.109560,29.813167
-1.109668,29.814387
-1.109775,29.815606
-1.109883,29.816826
-1.109991,29.818045
-1.110098,29.819265
-1.110206,29.820484
-1.110314,29.821703
-1.110422,29.822922
-1.110529,29.824141
-1.110637,29.825360
-1.110745,29.826579
-1.110852,29.827798
-1.110960,29.829017
-1.111068,29.830236
-1.111176,29.831454
-1.111283,29.832673
-1.111391,29.833891
-1.111499,29.835110
-1.111607,29.836328
-1.111714,29.837546
-1.111822,29.838764
-1.111930,29.839982
-1.112038,29.841200
-1.112145,29.842418
-1.112253,29.843636
-1.112361,29.844854
-1.112469,29.846071
-1.112576,29.847289
-1.112684,29.848507
-1.112792,29.849724
-1.112900,29.850941
-1.113007,29.852159
-1.113115,29.853376
-1.113223,29.854593
-1.113331,29.855810
-1.113439,29.857027
-1.113546,29.858244
-1.113654,29.859461
-1.113762,29.860677
-1.113870,29.861894
-1.113977,29.863111
-1.114085,29.864327
-1.114193,29.865544
-1.114301,29.866760
-1.114409,29.867976
-1.114516,29.869192
-1.114624,29.870409
-1.114732,29.871625
-1.114840,29.872841
-1.114947,29.874057
-1.115055,29.875272
-1.115163,29.876488
-1.115271,29.877704
-1.115379,29.878919
-1.115486,29.880135
-1.115594,29.881350
-1.115702,29.882566
-1.115810,29.883781
-1.115918,29.884996
-1.116026,29.886211
-1.116133,29.887426
-1.116241,29.888641
-1.116349,29.889856
-1.116457,29.891071
-1.116565,29.892286
-1.116672,29.893500
-1.116780,29.894715
-1.116888,29.895929
-1.116996,29.897144
-1.117104,29.898358
-1.117212,29.899573
-1.117319,29.900787
-1.117427,29.902001
-1.117535,29.903215
-1.117643,29.904429
-1.117751,29.905643
-1.117859,29.906857
-1.117966,29.908070
-1.118074,29.909284
-1.118182,29.910498
-1.118290,29.911711
-1.118398,29.912924
-1.118506,29.914138
-1.118614,29.915351
-1.118721,29.916564
-1.118829,29.917777
-1.118937,29.918990
-1.119045,29.920203
-1.119153,29.921416
-1.119261,29.922629
-1.119369,29.923842
-1.119476,29.925054
-1.119584,29.926267
-1.119692,29.927480
-1.119800,29.928692
-1.119908,29.929904
-1.120016,29.931117
-1.120124,29.932329
-1.120232,29.933541
-1.120339,29.934753
-1.120447,29.935965
-1.120555,29.937177
-1.120663,29.938389
-1.120771,29.939600
-1.120879,29.940812
-1.120987,29.942023
-1.121095,29.943235
-1.121203,29.944446
-1.121310,29.945658
-1.121418,29.946869
-1.121526,29.948080
-1.121634,29.949291
-1.121742,29.950502
-1.121850,29.951713
-1.121958,29.952924
-1.122066,29.954135
-1.122174,29.955346
-1.122282,29.956556
-1.122390,29.957767
-1.122497,29.958977
-1.122605,29.960188
-1.122713,29.961398
-1.122821,29.962608
-1.122929,29.963819
-1.123037,29.965029
-1.123145,29.966239
-1.123253,29.967449
-1.123361,29.968658
-1.123469,29.969868
-1.123577,29.971078
-1.123685,29.972288
-1.123793,29.973497
-1.123900,29.974707
-1.124008,29.975916
-1.124116,29.977125
-1.124224,29.978335
-1.124332,29.979544
-1.124440,29.980753
-1.124548,29.981962
-1.124656,29.983171
-1.124764,29.984380
-1.124872,29.985589
-1.124980,29.986797
-1.125088,29.988006
-1.125196,29.989214
-1.125304,29.990423
-1.125412,29.991631
-1.125520,29.992840
-1.125628,29.994048
-1.125736,29.995256
-1.125844,29.996464
-1.125952,29.997672
-1.126060,29.998880
-1.126167,30.000088
-1.126275,30.001296
-1.126383,30.002503
-1.126491,30.003711
-1.126599,30.004919
-1.126707,30.006126
-1.126815,30.007334
-1.126923,30.008541
-1.127031,30.009748
-1.127139,30.010955
-1.127247,30.012162
-1.127355,30.013369
-1.127463,30.014576
-1.127571,30.015783
-1.127679,30.016990
-1.127787,30.018197
-1.127895,30.019403
-1.128003,30.020610
-1.128111,30.021816
-1.128219,30.023023
-1.128327,30.024229
-1.128435,30.025435
-1.128543,30.026641
-1.128651,30.027847
-1.128759,30.029053
-1.128867,30.030259
-1.128975,30.031465
-1.129083,30.032671
-1.129191,30.033877
-1.129299,30.035082
-1.129407,30.036288
-1.129515,30.037493
-1.129623,30.038699
-1.129731,30.039904
-1.129839,30.041109
-1.129947,30.042314
-1.130056,30.043520
-1.130164,30.044725
-1.130272,30.045929
-1.130380,30.047134
-1.130488,30.048339
-1.130596,30.049544
-1.130704,30.050748
-1.130812,30.051953
-1.130920,30.053157
-1.131028,30.054362
-1.131136,30.055566
-1.131244,30.056770
-1.131352,30.057974
-1.131460,30.059178
-1.131568,30.060382
-1.131676,30.061586
-1.131784,30.062790
-1.131892,30.063994
-1.132000,30.065198
-1.132108,30.066401
-1.132216,30.067605
-1.132325,30.068808
-1.132433,30.070012
-1.132541,30.071215
-1.132649,30.072418
-1.132757,30.073621
-1.132865,30.074824
-1.132973,30.076027
-1.133081,30.077230
-1.133189,30.078433
-1.133297,30.079636
-1.133405,30.080839
-1.133513,30.082041
-1.133621,30.083244
-1.133729,30.084446
-1.133838,30.085648
-1.133946,30.086851
-1.134054,30.088053
-1.134162,30.089255
-1.134270,30.090457
-1.134378,30.091659
-1.134486,30.092861
-1.134594,30.094063
-1.134702,30.095265
-1.134810,30.096466
-1.134919,30.097668
-1.135027,30.098869
-1.135135,30.100071
-1.135243,30.101272
-1.135351,30.102474
-1.135459,30.103675
-1.135567,30.104876
-1.135675,30.106077
-1.135783,30.107278
-1.135891,30.108479
-1.136000,30.109680
-1.136108,30.110880
-1.136216,30.112081
-1.136324,30.113282
-1.136432,30.114482
-1.136540,30.115683
-1.136648,30.116883
-1.136756,30.118083
-1.136865,30.119283
-1.136973,30.120484
-1.137081,30.121684
-1.137189,30.122884
-1.137297,30.124083
-1.137405,30.125283
-1.137513,30.126483
-1.137622,30.127683
-1.137730,30.128882
-1.137838,30.130082
-1.137946,30.131281
-1.138054,30.132481
-1.138162,30.133680
-1.138270,30.134879
-1.138379,30.136078
-1.138487,30.137277
-1.138595,30.138476
-1.138703,30.139675
-1.138811,30.140874
-1.138919,30.142073
-1.139028,30.143271
-1.139136,30.144470
-1.139244,30.145668
-1.139352,30.146867
-1.139460,30.148065
-1.139568,30.149263
-1.139677,30.150462
-1.139785,30.151660
-1.139893,30.152858
-1.140001,30.154056
-1.140109,30.155254
-1.140217,30.156451
-1.140326,30.157649
-1.140434,30.158847
-1.140542,30.160044
-1.140650,30.161242
-1.140758,30.162439
-1.140867,30.163636
-1.140975,30.164834
-1.141083,30.166031
-1.141191,30.167228
-1.141299,30.168425
-1.141407,30.169622
-1.141516,30.170819
-1.141624,30.172016
-1.141732,30.173212
-1.141840,30.174409
-1.141948,30.175606
-1.142057,30.176802
-1.142165,30.177999
-1.142273,30.179195
-1.142381,30.180391
-1.142490,30.181587
-1.142598,30.182783
-1.142706,30.183979
-1.142814,30.185175
-1.142922,30.186371
-1.143031,30.187567
-1.143139,30.188763
-1.143247,30.189958
-1.143355,30.191154
-1.143463,30.192349
-1.143572,30.193545
-1.143680,30.194740
-1.143788,30.195935
-1.143896,30.197131
-1.144005,30.198326
-1.144113,30.199521
-1.144221,30.200716
-1.144329,30.201910
-1.144438,30.203105
-1.144546,30.204300
-1.144654,30.205495
-1.144762,30.206689
-1.144871,30.207884
-1.144979,30.209078
-1.145087,30.210272
-1.145195,30.211467
-1.145304,30.212661
-1.145412,30.213855
-1.145520,30.215049
-1.145628,30.216243
-1.145737,30.217437
-1.145845,30.218630
-1.145953,30.219824
-1.146061,30.221018
-1.146170,30.222211
-1.146278,30.223405
-1.146386,30.224598
-1.146494,30.225791
-1.146603,30.226985
-1.146711,30.228178
-1.146819,30.229371
-1.146927,30.230564
-1.147036,30.231757
-1.147144,30.232950
-1.147252,30.234142
-1.147361,30.235335
-1.147469,30.236528
-1.147577,30.237720
-1.147685,30.238913
-1.147794,30.240105
-1.147902,30.241297
-1.148010,30.242490
-1.148119,30.243682
-1.148227,30.244874
-1.148335,30.246066
-1.148443,30.247258
-1.148552,30.248450
-1.148660,30.249641
-1.148768,30.250833
-1.148877,30.252025
-1.148985,30.253216
-1.149093,30.254408
-1.149202,30.255599
-1.149310,30.256790
-1.149418,30.257981
-1.149526,30.259173
-1.149635,30.260364
-1.149743,30.261555
-1.149851,30.262746
-1.149960,30.263936
-1.150068,30.265127
-1.150176,30.266318
-1.150285,30.267508
-1.150393,30.268699
-1.150501,30.269889
-1.150610,30.271080
-1.150718,30.272270
-1.150826,30.273460
-1.150935,30.274650
-1.151043,30.275840
-1.151151,30.277030
-1.151260,30.278220
-1.151368,30.279410
-1.151476,30.280600
-1.151585,30.281790
-1.151693,30.282979
-1.151801,30.284169
-1.151910,30.285358
-1.152018,30.286547
-1.152126,30.287737
-1.152235,30.288926
-1.152343,30.290115
-1.152451,30.291304
-1.152560,30.292493
-1.152668,30.293682
-1.152776,30.294871
-1.152885,30.296059
-1.152993,30.297248
-1.153101,30.298437
-1.153210,30.299625
-1.153318,30.300814
-1.153427,30.302002
-1.153535,30.303190
-1.153643,30.304378
-1.153752,30.305567
-1.153860,30.306755
-1.153968,30.307943
-1.154077,30.309130
-1.154185,30.310318
-1.154293,30.311506
-1.154402,30.312694
-1.154510,30.313881
-1.154619,30.315069
-1.154727,30.316256
-1.154835,30.317443
-1.154944,30.318631
-1.155052,30.319818
-1.155161,30.321005
-1.155269,30.322192
-1.155377,30.323379
-1.155486,30.324566
-1.155594,30.325753
-1.155702,30.326939
-1.155811,30.328126
-1.155919,30.329313
-1.156028,30.330499
-1.156136,30.331686
-1.156244,30.332872
-1.156353,30.334058
-1.156461,30.335244
-1.156570,30.336430
-1.156678,30.337616
-1.156786,30.338802
-1.156895,30.339988
-1.157003,30.341174
-1.157112,30.342360
-1.157220,30.343545
-1.157329,30.344731
-1.157437,30.345916
-1.157545,30.347102
-1.157654,30.348287
-1.157762,30.349472
-1.157871,30.350658
-1.157979,30.351843
-1.158087,30.353028
-1.158196,30.354213
-1.158304,30.355397
-1.158413,30.356582
-1.158521,30.357767
-1.158630,30.358952
-1.158738,30.360136
-1.158846,30.361321
-1.158955,30.362505
-1.159063,30.363689
-1.159172,30.364873
-1.159280,30.366058
-1.159389,30.367242
-1.159497,30.368426
-1.159606,30.369610
-1.159714,30.370794
-1.159822,30.371977
-1.159931,30.373161
-1.160039,30.374345
-1.160148,30.375528
-1.160256,30.376712
-1.160365,30.377895
-1.160473,30.379078
-1.160582,30.380262
-1.160690,30.381445
-1.160799,30.382628
-1.160907,30.383811
-1.161015,30.384994
-1.161124,30.386176
-1.161232,30.387359
-1.161341,30.388542
-1.161449,30.389725
-1.161558,30.390907
-1.161666,30.392090
-1.161775,30.393272
-1.161883,30.394454
-1.161992,30.395636
-1.162100,30.396819
-1.162209,30.398001
-1.162317,30.399183
-1.162426,30.400365
-1.162534,30.401546
-1.162643,30.402728
-1.162751,30.403910
-1.162860,30.405091
-1.162968,30.406273
-1.163076,30.407454
-1.163185,30.408636
-1.163293,30.409817
-1.163402,30.410998
-1.163510,30.412179
-1.163619,30.413360
-1.163727,30.414541
-1.163836,30.415722
-1.163944,30.416903
-1.164053,30.418084
-1.164161,30.419265
-1.164270,30.420445
-1.164378,30.421626
-1.164487,30.422806
-1.164595,30.423986
-1.164704,30.425167
-1.164813,30.426347
-1.164921,30.427527
-1.165030,30.428707
-1.165138,30.429887
-1.165247,30.431067
-1.165355,30.432247
-1.165464,30.433426
-1.165572,30.434606
-1.165681,30.435786
-1.165789,30.436965
-1.165898,30.438145
-1.166006,30.439324
-1.166115,30.440503
-1.166223,30.441682
-1.166332,30.442862
-1.166440,30.444041
-1.166549,30.445220
-1.166657,30.446398
-1.166766,30.447577
-1.166874,30.448756
-1.166983,30.449935
-1.167092,30.451113
-1.167200,30.452292
-1.167309,30.453470
-1.167417,30.454648
-1.167526,30.455827
-1.167634,30.457005
-1.167743,30.458183
-1.167851,30.459361
-1.167960,30.460539
-1.168068,30.461717
-1.168177,30.462895
-1.168286,30.464072
-1.168394,30.465250
-1.168503,30.466428
-1.168611,30.467605
-1.168720,30.468782
-1.168828,30.469960
-1.168937,30.471137
-1.169045,30.472314
-1.169154,30.473491
-1.169263,30.474668
-1.169371,30.475845
-1.169480,30.477022
-1.169588,30.478199
-1.169697,30.479376
-1.169805,30.480552
-1.169914,30.481729
-1.170023,30.482905
-1.170131,30.484082
-1.170240,30.485258
-1.170348,30.486434
-1.170457,30.487610
-1.170566,30.488786
-1.170674,30.489962
-1.170783,30.491138
-1.170891,30.492314
-1.171000,30.493490
-1.171108,30.494666
-1.171217,30.495841
-1.171326,30.497017
-1.171434,30.498192
-1.171543,30.499368
-1.171651,30.500543
-1.171760,30.501718
-1.171869,30.502893
-1.171977,30.504068
-1.172086,30.505243
-1.172194,30.506418
-1.172303,30.507593
-1.172412,30.508768
-1.172520,30.509943
-1.172629,30.511117
-1.172737,30.512292
-1.172846,30.513466
-1.172955,30.514641
-1.173063,30.515815
-1.173172,30.516989
-1.173281,30.518163
-1.173389,30.519337
-1.173498,30.520511
-1.173606,30.521685
-1.173715,30.522859
-1.173824,30.524033
-1.173932,30.525206
-1.174041,30.526380
-1.174150,30.527554
-1.174258,30.528727
-1.174367,30.529900
-1.174475,30.531074
-1.174584,30.532247
-1.174693,30.533420
-1.174801,30.534593
-1.174910,30.535766
-1.175019,30.536939
-1.175127,30.538112
-1.175236,30.539285
-1.175344,30.540457
-1.175453,30.541630
-1.175562,30.542802
-1.175670,30.543975
-1.175779,30.545147
-1.175888,30.546319
-1.175996,30.547492
-1.176105,30.548664
-1.176214,30.549836
-1.176322,30.551008
-1.176431,30.552180
-1.176540,30.553351
-1.176648,30.554523
-1.176757,30.555695
-1.176866,30.556866
-1.176974,30.558038
-1.177083,30.559209
-1.177192,30.560381
-1.177300,30.561552
-1.177409,30.562723
-1.177518,30.563894
-1.177626,30.565065
-1.177735,30.566236
-1.177844,30.567407
-1.177952,30.568578
-1.178061,30.569749
-1.178170,30.570919
-1.178278,30.572090
-1.178387,30.573260
-1.178496,30.574431
-1.178604,30.575601
-1.178713,30.576771
-1.178822,30.577941
-1.178930,30.579111
-1.179039,30.580282
-1.179148,30.581451
-1.179256,30.582621
-1.179365,30.583791
-1.179474,30.584961
-1.179583,30.586130
-1.179691,30.587300
-1.179800,30.588469
-1.179909,30.589639
-1.180017,30.590808
-1.180126,30.591977
-1.180235,30.593147
-1.180343,30.594316
-1.180452,30.595485
-1.180561,30.596654
-1.180669,30.597822
-1.180778,30.598991
-1.180887,30.600160
-1.180996,30.601329
-1.181104,30.602497
-1.181213,30.603666
-1.181322,30.604834
-1.181430,30.606002
-1.181539,30.607171
-1.181648,30.608339
-1.181757,30.609507
-1.181865,30.610675
-1.181974,30.611843
-1.182083,30.613011
-1.182191,30.614178
-1.182300,30.615346
-1.182409,30.616514
-1.182518,30.617681
-1.182626,30.618849
-1.182735,30.620016
-1.182844,30.621183
-1.182953,30.622350
-1.183061,30.623518
-1.183170,30.624685
-1.183279,30.625852
-1.183388,30.627019
-1.183496,30.628185
-1.183605,30.629352
-1.183714,30.630519
-1.183822,30.631685
-1.183931,30.632852
-1.184040,30.634018
-1.184149,30.635185
-1.184257,30.636351
-1.184366,30.637517
-1.184475,30.638683
-1.184584,30.639849
-1.184692,30.641015
-1.184801,30.642181
-1.184910,30.643347
-1.185019,30.644513
-1.185127,30.645679
-1.185236,30.646844
-1.185345,30.648010
-1.185454,30.649175
-1.185562,30.650340
-1.185671,30.651506
-1.185780,30.652671
-1.185889,30.653836
-1.185998,30.655001
-1.186106,30.656166
-1.186215,30.657331
-1.186324,30.658496
-1.186433,30.659660
-1.186541,30.660825
-1.186650,30.661990
-1.186759,30.663154
-1.186868,30.664319
-1.186976,30.665483
-1.187085,30.666647
-1.187194,30.667811
-1.187303,30.668975
-1.187412,30.670139
-1.187520,30.671303
-1.187629,30.672467
-1.187738,30.673631
-1.187847,30.674795
-1.187956,30.675958
-1.188064,30.677122
-1.188173,30.678285
-1.188282,30.679449
-1.188391,30.680612
-1.188499,30.681775
-1.188608,30.682939
-1.188717,30.684102
-1.188826,30.685265
-1.188935,30.686428
-1.189043,30.687591
-1.189152,30.688753
-1.189261,30.689916
-1.189370,30.691079
-1.189479,30.692241
-1.189587,30.693404
-1.189696,30.694566
-1.189805,30.695728
-1.189914,30.696891
-1.190023,30.698053
-1.190132,30.699215
-1.190240,30.700377
-1.190349,30.701539
-1.190458,30.702701
-1.190567,30.703862
-1.190676,30.705024
-1.190784,30.706186
-1.190893,30.707347
-1.191002,30.708509
-1.191111,30.709670
-1.191220,30.710831
-1.191329,30.711993
-1.191437,30.713154
-1.191546,30.714315
-1.191655,30.715476
-1.191764,30.716637
-1.191873,30.717798
-1.191982,30.718958
-1.192090,30.720119
-1.192199,30.721280
-1.192308,30.722440
-1.192417,30.723601
-1.192526,30.724761
-1.192635,30.725921
-1.192743,30.727081
-1.192852,30.728242
-1.192961,30.729402
-1.193070,30.730562
-1.193179,30.731722
-1.193288,30.732881
-1.193396,30.734041
-1.193505,30.735201
-1.193614,30.736360
-1.193723,30.737520
-1.193832,30.738679
-1.193941,30.739839
-1.194050,30.740998
-1.194158,30.742157
-1.194267,30.743316
-1.194376,30.744475
-1.194485,30.745634
-1.194594,30.746793
-1.194703,30.747952
-1.194812,30.749111
-1.194920,30.750269
-1.195029,30.751428
-1.195138,30.752586
-1.195247,30.753745
-1.195356,30.754903
-1.195465,30.756061
-1.195574,30.757220
-1.195682,30.758378
-1.195791,30.759536
-1.195900,30.760694
-1.196009,30.761852
-1.196118,30.763009
-1.196227,30.764167
-1.196336,30.765325
-1.196445,30.766482
-1.196554,30.767640
-1.196662,30.768797
-1.196771,30.769955
-1.196880,30.771112
-1.196989,30.772269
-1.197098,30.773426
-1.197207,30.774583
-1.197316,30.775740
-1.197425,30.776897
-1.197533,30.778054
-1.197642,30.779210
-1.197751,30.780367
-1.197860,30.781524
-1.197969,30.782680
-1.198078,30.783836
-1.198187,30.784993
-1.198296,30.786149
-1.198405,30.787305
-1.198514,30.788461
-1.198622,30.789617
-1.198731,30.790773
-1.198840,30.791929
-1.198949,30.793085
-1.199058,30.794240
-1.199167,30.795396
-1.199276,30.796552
-1.199385,30.797707
-1.199494,30.798862
-1.199603,30.800018
-1.199712,30.801173
-1.199820,30.802328
-1.199929,30.803483
-1.200038,30.804638
-1.200147,30.805793
-1.200256,30.806948
-1.200365,30.808103
-1.200474,30.809257
-1.200583,30.810412
-1.200692,30.811567
-1.200801,30.812721
-1.200910,30.813875
-1.201019,30.815030
-1.201128,30.816184
-1.201236,30.817338
-1.201345,30.818492
-1.201454,30.819646
-1.201563,30.820800
-1.201672,30.821954
-1.201781,30.823107
-1.201890,30.824261
-1.201999,30.825415
-1.202108,30.826568
-1.202217,30.827722
-1.202326,30.828875
-1.202435,30.830028
-1.202544,30.831181
-1.202653,30.832335
-1.202762,30.833488
-1.202871,30.834641
-1.202980,30.835793
-1.203088,30.836946
-1.203197,30.838099
-1.203306,30.839252
-1.203415,30.840404
-1.203524,30.841557
-1.203633,30.842709
-1.203742,30.843862
-1.203851,30.845014
-1.203960,30.846166
-1.204069,30.847318
-1.204178,30.848470
-1.204287,30.849622
-1.204396,30.850774
-1.204505,30.851926
-1.204614,30.853077
-1.204723,30.854229
-1.204832,30.855381
-1.204941,30.856532
-1.205050,30.857683
-1.205159,30.858835
-1.205268,30.859986
-1.205377,30.861137
-1.205486,30.862288
-1.205595,30.863439
-1.205704,30.864590
-1.205813,30.865741
-1.205922,30.866892
-1.206031,30.868043
-1.206139,30.869193
-1.206248,30.870344
-1.206357,30.871494
-1.206466,30.872645
-1.206575,30.873795
-1.206684,30.874945
-1.206793,30.876095
-1.206902,30.877245
-1.207011,30.878395
-1.207120,30.879545
-1.207229,30.880695
-1.207338,30.881845
-1.207447,30.882995
-1.207556,30.884144
-1.207665,30.885294
-1.207774,30.886443
-1.207883,30.887593
-1.207992,30.888742
-1.208101,30.889891
-1.208210,30.891040
-1.208319,30.892189
-1.208428,30.893338
-1.208537,30.894487
-1.208646,30.895636
-1.208755,30.896785
-1.208864,30.897933
-1.208973,30.899082
-1.209082,30.900231
-1.209191,30.901379
-1.209300,30.902527
-1.209409,30.903676
-1.209518,30.904824
-1.209627,30.905972
-1.209736,30.907120
-1.209845,30.908268
-1.209954,30.909416
-1.210063,30.910564
-1.210173,30.911711
-1.210282,30.912859
-1.210391,30.914007
-1.210500,30.915154
-1.210609,30.916302
-1.210718,30.917449
-1.210827,30.918596
-1.210936,30.919743
-1.211045,30.920890
-1.211154,30.922038
-1.211263,30.923184
-1.211372,30.924331
-1.211481,30.925478
-1.211590,30.926625
-1.211699,30.927772
-1.211808,30.928918
-1.211917,30.930065
-1.212026,30.931211
-1.212135,30.932357
-1.212244,30.933504
-1.212353,30.934650
-1.212462,30.935796
-1.212571,30.936942
-1.212680,30.938088
-1.212789,30.939234
-1.212898,30.940379
-1.213007,30.941525
-1.213116,30.942671
-1.213225,30.943816
-1.213335,30.944962
-1.213444,30.946107
-1.213553,30.947252
-1.213662,30.948398
-1.213771,30.949543
-1.213880,30.950688
-1.213989,30.951833
-1.214098,30.952978
-1.214207,30.954123
-1.214316,30.955268
-1.214425,30.956412
-1.214534,30.957557
-1.214643,30.958701
-1.214752,30.959846
-1.214861,30.960990
-1.214970,30.962134
-1.215079,30.963279
-1.215189,30.964423
-1.215298,30.965567
-1.215407,30.966711
-1.215516,30.967855
-1.215625,30.968999
-1.215734,30.970142
-1.215843,30.971286
-1.215952,30.972430
-1.216061,30.973573
-1.216170,30.974717
-1.216279,30.975860
-1.216388,30.977003
-1.216497,30.978146
-1.216607,30.979290
-1.216716,30.980433
-1.216825,30.981576
-1.216934,30.982719
-1.217043,30.983861
-1.217152,30.985004
-1.217261,30.986147
-1.217370,30.987289
-1.217479,30.988432
-1.217588,30.989574
-1.217697,30.990717
-1.217806,30.991859
-1.217916,30.993001
-1.218025,30.994143
-1.218134,30.995285
-1.218243,30.996427
-1.218352,30.997569
-1.218461,30.998711
-1.218570,30.999853
-1.218679,31.000994
-1.218788,31.002136
-1.218897,31.003277
-1.219007,31.004419
-1.219116,31.005560
-1.219225,31.006701
-1.219334,31.007842
-1.219443,31.008983
-1.219552,31.010124
-1.219661,31.011265
-1.219770,31.012406
-1.219879,31.013547
-1.219989,31.014688
-1.220098,31.015828
-1.220207,31.016969
-1.220316,31.018109
-1.220425,31.019250
-1.220534,31.020390
-1.220643,31.021530
-1.220752,31.022671
-1.220861,31.023811
-1.220971,31.024951
-1.221080,31.026091
-1.221189,31.027230
-1.221298,31.028370
-1.221407,31.029510
-1.221516,31.030649
-1.221625,31.031789
-1.221734,31.032928
-1.221844,31.034068
-1.221953,31.035207
-1.222062,31.036346
-1.222171,31.037485
-1.222280,31.038625
-1.222389,31.039764
-1.222498,31.040902
-1.222607,31.042041
-1.222717,31.043180
-1.222826,31.044319
-1.222935,31.045457
-1.223044,31.046596
-1.223153,31.047734
-1.223262,31.048873
-1.223371,31.050011
-1.223481,31.051149
-1.223590,31.052287
-1.223699,31.053425
-1.223808,31.054563
-1.223917,31.055701
-1.224026,31.056839
-1.224135,31.057977
-1.224245,31.059114
-1.224354,31.060252
-1.224463,31.061389
-1.224572,31.062527
-1.224681,31.063664
-1.224790,31.064801
-1.224900,31.065939
-1.225009,31.067076
-1.225118,31.068213
-1.225227,31.069350
-1.225336,31.070487
-1.225445,31.071623
-1.225555,31.072760
-1.225664,31.073897
-1.225773,31.075033
-1.225882,31.076170
-1.225991,31.077306
-1.226100,31.078443
-1.226210,31.079579
-1.226319,31.080715
-1.226428,31.081851
-1.226537,31.082987
-1.226646,31.084123
-1.226755,31.085259
-1.226865,31.086395
-1.226974,31.087530
-1.227083,31.088666
-1.227192,31.089801
-1.227301,31.090937
-1.227410,31.092072
-1.227520,31.093208
-1.227629,31.094343
-1.227738,31.095478
-1.227847,31.096613
-1.227956,31.097748
-1.228065,31.098883
-1.228175,31.100018
-1.228284,31.101153
-1.228393,31.102287
-1.228502,31.103422
-1.228611,31.104556
-1.228721,31.105691
-1.228830,31.106825
-1.228939,31.107960
-1.229048,31.109094
-1.229157,31.110228
-1.229267,31.111362
-1.229376,31.112496
-1.229485,31.113630
-1.229594,31.114764
-1.229703,31.115897
-1.229813,31.117031
-1.229922,31.118165
-1.230031,31.119298
-1.230140,31.120432
-1.230249,31.121565
-1.230359,31.122698
-1.230468,31.123831
-1.230577,31.124965
-1.230686,31.126098
-1.230795,31.127231
-1.230905,31.128363
-1.231014,31.129496
-1.231123,31.130629
-1.231232,31.131762
-1.231341,31.132894
-1.231451,31.134027
-1.231560,31.135159
-1.231669,31.136291
-1.231778,31.137424
-1.231887,31.138556
-1.231997,31.139688
-1.232106,31.140820
-1.232215,31.141952
-1.232324,31.143084
-1.232434,31.144216
-1.232543,31.145347
-1.232652,31.146479
-1.232761,31.147610
-1.232870,31.148742
-1.232980,31.149873
-1.233089,31.151005
-1.233198,31.152136
-1.233307,31.153267
-1.233417,31.154398
-1.233526,31.155529
-1.233635,31.156660
-1.233744,31.157791
-1.233853,31.158922
-1.233963,31.160052
-1.234072,31.161183
-1.234181,31.162314
-1.234290,31.163444
-1.234400,31.164574
-1.234509,31.165705
-1.234618,31.166835
-1.234727,31.167965
-1.234837,31.169095
-1.234946,31.170225
-1.235055,31.171355
-1.235164,31.172485
-1.235274,31.173615
-1.235383,31.174744
-1.235492,31.175874
-1.235601,31.177003
-1.235711,31.178133
-1.235820,31.179262
-1.235929,31.180391
-1.236038,31.181521
-1.236148,31.182650
-1.236257,31.183779
-1.236366,31.184908
-1.236475,31.186037
-1.236585,31.187166
-1.236694,31.188294
-1.236803,31.189423
-1.236912,31.190551
-1.237022,31.191680
-1.237131,31.192808
-1.237240,31.193937
-1.237349,31.195065
-1.237459,31.196193
-1.237568,31.197321
-1.237677,31.198449
-1.237786,31.199577
-1.237896,31.200705
-1.238005,31.201833
-1.238114,31.202961
-1.238223,31.204088
-1.238333,31.205216
-1.238442,31.206343
-1.238551,31.207471
-1.238661,31.208598
-1.238770,31.209725
-1.238879,31.210852
-1.238988,31.211980
-1.239098,31.213107
-1.239207,31.214234
-1.239316,31.215360
-1.239425,31.216487
-1.239535,31.217614
-1.239644,31.218740
-1.239753,31.219867
-1.239863,31.220993
-1.239972,31.222120
-1.240081,31.223246
-1.240190,31.224372
-1.240300,31.225499
-1.240409,31.226625
-1.240518,31.227751
-1.240628,31.228877
-1.240737,31.230002
-1.240846,31.231128
-1.240955,31.232254
-1.241065,31.233379
-1.241174,31.234505
-1.241283,31.235630
-1.241393,31.236756
-1.241502,31.237881
-1.241611,31.239006
-1.241720,31.240131
-1.241830,31.241256
-1.241939,31.242381
-1.242048,31.243506
-1.242158,31.244631
-1.242267,31.245756
-1.242376,31.246881
-1.242485,31.248005
-1.242595,31.249130
-1.242704,31.250254
-1.242813,31.251378
-1.242923,31.252503
-1.243032,31.253627
-1.243141,31.254751
-1.243251,31.255875
-1.243360,31.256999
-1.243469,31.258123
-1.243579,31.259247
-1.243688,31.260370
-1.243797,31.261494
-1.243906,31.262618
-1.244016,31.263741
-1.244125,31.264864
-1.244234,31.265988
-1.244344,31.267111
-1.244453,31.268234
-1.244562,31.269357
-1.244672,31.270480
-1.244781,31.271603
-1.244890,31.272726
-1.245000,31.273849
-1.245109,31.274972
-1.245218,31.276094
-1.245328,31.277217
-1.245437,31.278339
-1.245546,31.279462
-1.245655,31.280584
-1.245765,31.281706
-1.245874,31.282828
-1.245983,31.283950
-1.246093,31.285072
-1.246202,31.286194
-1.246311,31.287316
-1.246421,31.288438
-1.246530,31.289560
-1.246639,31.290681
-1.246749,31.291803
-1.246858,31.292924
-1.246967,31.294045
-1.247077,31.295167
-1.247186,31.296288
-1.247295,31.297409
-1.247405,31.298530
-1.247514,31.299651
-1.247623,31.300772
-1.247733,31.301893
-1.247842,31.303014
-1.247951,31.304134
-1.248061,31.305255
-1.248170,31.306375
-1.248279,31.307496
-1.248389,31.308616
-1.248498,31.309736
-1.248607,31.310857
-1.248717,31.311977
-1.248826,31.313097
-1.248936,31.314217
-1.249045,31.315337
-1.249154,31.316456
-1.249264,31.317576
-1.249373,31.318696
-1.249482,31.319815
-1.249592,31.320935
-1.249701,31.322054
-1.249810,31.323174
-1.249920,31.324293
-1.250029,31.325412
-1.250138,31.326531
-1.250248,31.327650
-1.250357,31.328769
-1.250466,31.329888
-1.250576,31.331007
-1.250685,31.332125
-1.250795,31.333244
-1.250904,31.334362
-1.251013,31.335481
-1.251123,31.336599
-1.251232,31.337718
-1.251341,31.338836
-1.251451,31.339954
-1.251560,31.341072
-1.251669,31.342190
-1.251779,31.343308
-1.251888,31.344426
-1.251998,31.345544
-1.252107,31.346661
-1.252216,31.347779
-1.252326,31.348896
-1.252435,31.350014
-1.252544,31.351131
-1.252654,31.352249
-1.252763,31.353366
-1.252872,31.354483
-1.252982,31.355600
-1.253091,31.356717
-1.253201,31.357834
-1.253310,31.358951
-1.253419,31.360067
-1.253529,31.361184
-1.253638,31.362301
-1.253748,31.363417
-1.253857,31.364534
-1.253966,31.365650
-1.254076,31.366766
-1.254185,31.367882
-1.254294,31.368998
-1.254404,31.370114
-1.254513,31.371230
-1.254623,31.372346
-1.254732,31.373462
-1.254841,31.374578
-1.254951,31.375693
-1.255060,31.376809
-1.255170,31.377924
-1.255279,31.379040
-1.255388,31.380155
-1.255498,31.381270
-1.255607,31.382386
-1.255716,31.383501
-1.255826,31.384616
-1.255935,31.385731
-1.256045,31.386846
-1.256154,31.387960
-1.256263,31.389075
-1.256373,31.390190
-1.256482,31.391304
-1.256592,31.392419
-1.256701,31.393533
-1.256810,31.394647
-1.256920,31.395762
-1.257029,31.396876
-1.257139,31.397990
-1.257248,31.399104
-1.257357,31.400218
-1.257467,31.401332
-1.257576,31.402445
-1.257686,31.403559
-1.257795,31.404673
-1.257904,31.405786
-1.258014,31.406900
-1.258123,31.408013
-1.258233,31.409126
-1.258342,31.410239
-1.258452,31.411352
-1.258561,31.412466
-1.258670,31.413579
-1.258780,31.414691
-1.258889,31.415804
-1.258999,31.416917
-1.259108,31.418030
-1.259217,31.419142
-1.259327,31.420255
-1.259436,31.421367
-1.259546,31.422479
-1.259655,31.423592
-1.259764,31.424704
-1.259874,31.425816
-1.259983,31.426928
-1.260093,31.428040
-1.260202,31.429152
-1.260312,31.430264
-1.260421,31.431375
-1.260530,31.432487
-1.260640,31.433599
-1.260749,31.434710
-1.260859,31.435821
-1.260968,31.436933
-1.261078,31.438044
-1.261187,31.439155
-1.261296,31.440266
-1.261406,31.441377
-1.261515,31.442488
-1.261625,31.443599
-1.261734,31.444710
-1.261844,31.445820
-1.261953,31.446931
-1.262062,31.448042
-1.262172,31.449152
-1.262281,31.450262
-1.262391,31.451373
-1.262500,31.452483
-1.262610,31.453593
-1.262719,31.454703
-1.262828,31.455813
-1.262938,31.456923
-1.263047,31.458033
-1.263157,31.459143
-1.263266,31.460252
-1.263376,31.461362
-1.263485,31.462471
-1.263595,31.463581
-1.263704,31.464690
-1.263813,31.465800
-1.263923,31.466909
-1.264032,31.468018
-1.264142,31.469127
-1.264251,31.470236
-1.264361,31.471345
-1.264470,31.472454
-1.264580,31.473562
-1.264689,31.474671
-1.264798,31.475779
-1.264908,31.476888
-1.265017,31.477996
-1.265127,31.479105
-1.265236,31.480213
-1.265346,31.481321
-1.265455,31.482429
-1.265565,31.483537
-1.265674,31.484645
-1.265784,31.485753
-1.265893,31.486861
-1.266002,31.487969
-1.266112,31.489076
-1.266221,31.490184
-1.266331,31.491291
-1.266440,31.492399
-1.266550,31.493506
-1.266659,31.494613
-1.266769,31.495720
-1.266878,31.496827
-1.266988,31.497934
-1.267097,31.499041
-1.267207,31.500148
-1.267316,31.501255
-1.267425,31.502362
-1.267535,31.503468
-1.267644,31.504575
-1.267754,31.505681
-1.267863,31.506788
-1.267973,31.507894
-1.268082,31.509000
-1.268192,31.510106
-1.268301,31.511212
-1.268411,31.512318
-1.268520,31.513424
-1.268630,31.514530
-1.268739,31.515636
-1.268849,31.516741
-1.268958,31.517847
-1.269068,31.518952
-1.269177,31.520058
-1.269287,31.521163
-1.269396,31.522269
-1.269505,31.523374
-1.269615,31.524479
-1.269724,31.525584
-1.269834,31.526689
-1.269943,31.527794
-1.270053,31.528898
-1.270162,31.530003
-1.270272,31.531108
-1.270381,31.532212
-1.270491,31.533317
-1.270600,31.534421
-1.270710,31.535526
-1.270819,31.536630
-1.270929,31.537734
-1.271038,31.538838
-1.271148,31.539942
-1.271257,31.541046
-1.271367,31.542150
-1.271476,31.543254
-1.271586,31.544357
-1.271695,31.545461
-1.271805,31.546565
-1.271914,31.547668
-1.272024,31.548771
-1.272133,31.549875
-1.272243,31.550978
-1.272352,31.552081
-1.272462,31.553184
-1.272571,31.554287
-1.272681,31.555390
-1.272790,31.556493
-1.272900,31.557596
-1.273009,31.558698
-1.273119,31.559801
-1.273228,31.560903
-1.273338,31.562006
-1.273447,31.563108
-1.273557,31.564210
-1.273666,31.565313
-1.273776,31.566415
-1.273885,31.567517
-1.273995,31.568619
-1.274104,31.569721
-1.274214,31.570822
-1.274323,31.571924
-1.274433,31.573026
-1.274542,31.574127
-1.274652,31.575229
-1.274761,31.576330
-1.274871,31.577432
-1.274980,31.578533
-1.275090,31.579634
-1.275199,31.580735
-1.275309,31.581836
-1.275418,31.582937
-1.275528,31.584038
-1.275637,31.585139
-1.275747,31.586240
-1.275856,31.587340
-1.275966,31.588441
-1.276075,31.589541
-1.276185,31.590642
-1.276294,31.591742
-1.276404,31.592842
-1.276513,31.593942
-1.276623,31.595042
-1.276732,31.596142
-1.276842,31.597242
-1.276951,31.598342
-1.277061,31.599442
-1.277170,31.600542
-1.277280,31.601641
-1.277389,31.602741
-1.277499,31.603840
-1.277608,31.604939
-1.277718,31.606039
-1.277828,31.607138
-1.277937,31.608237
-1.278047,31.609336
-1.278156,31.610435
-1.278266,31.611534
-1.278375,31.612633
-1.278485,31.613732
-1.278594,31.614830
-1.278704,31.615929
-1.278813,31.617027
-1.278923,31.618126
-1.279032,31.619224
-1.279142,31.620322
-1.279251,31.621421
-1.279361,31.622519
-1.279470,31.623617
-1.279580,31.624715
-1.279690,31.625813
-1.279799,31.626910
-1.279909,31.628008
-1.280018,31.629106
-1.280128,31.630203
-1.280237,31.631301
-1.280347,31.632398
-1.280456,31.633495
-1.280566,31.634593
-1.280675,31.635690
-1.280785,31.636787
-1.280894,31.637884
-1.281004,31.638981
-1.281113,31.640078
-1.281223,31.641174
-1.281333,31.642271
-1.281442,31.643368
-1.281552,31.644464
-1.281661,31.645561
-1.281771,31.646657
-1.281880,31.647753
-1.281990,31.648850
-1.282099,31.649946
-1.282209,31.651042
-1.282318,31.652138
-1.282428,31.653234
-1.282538,31.654330
-1.282647,31.655425
-1.282757,31.656521
-1.282866,31.657617
-1.282976,31.658712
-1.283085,31.659807
-1.283195,31.660903
-1.283304,31.661998
-1.283414,31.663093
-1.283523,31.664188
-1.283633,31.665283
-1.283743,31.666378
-1.283852,31.667473
-1.283962,31.668568
-1.284071,31.669663
-1.284181,31.670757
-1.284290,31.671852
-1.284400,31.672946
-1.284509,31.674041
-1.284619,31.675135
-1.284729,31.676229
-1.284838,31.677324
-1.284948,31.678418
-1.285057,31.679512
-1.285167,31.680606
-1.285276,31.681700
-1.285386,31.682793
-1.285495,31.683887
-1.285605,31.684981
-1.285715,31.686074
-1.285824,31.687168
-1.285934,31.688261
-1.286043,31.689354
-1.286153,31.690448
-1.286262,31.691541
-1.286372,31.692634
-1.286482,31.693727
-1.286591,31.694820
-1.286701,31.695912
-1.286810,31.697005
-1.286920,31.698098
-1.287029,31.699190
-1.287139,31.700283
-1.287249,31.701375
-1.287358,31.702468
-1.287468,31.703560
-1.287577,31.704652
-1.287687,31.705744
-1.287796,31.706836
-1.287906,31.707928
-1.288015,31.709020
-1.288125,31.710112
-1.288235,31.711204
-1.288344,31.712295
-1.288454,31.713387
-1.288563,31.714479
-1.288673,31.715570
-1.288783,31.716661
-1.288892,31.717753
-1.289002,31.718844
-1.289111,31.719935
-1.289221,31.721026
-1.289330,31.722117
-1.289440,31.723208
-1.289550,31.724298
-1.289659,31.725389
-1.289769,31.726480
-1.289878,31.727570
-1.289988,31.728661
-1.290097,31.729751
-1.290207,31.730841
-1.290317,31.731932
-1.290426,31.733022
-1.290536,31.734112
-1.290645,31.735202
-1.290755,31.736292
-1.290865,31.737382
-1.290974,31.738471
-1.291084,31.739561
-1.291193,31.740651
-1.291303,31.741740
-1.291412,31.742830
-1.291522,31.743919
-1.291632,31.745008
-1.291741,31.746097
-1.291851,31.747187
-1.291960,31.748276
-1.292070,31.749365
-1.292180,31.750453
-1.292289,31.751542
-1.292399,31.752631
-1.292508,31.753720
-1.292618,31.754808
-1.292728,31.755897
-1.292837,31.756985
-1.292947,31.758073
-1.293056,31.759162
-1.293166,31.760250
-1.293275,31.761338
-1.293385,31.762426
-1.293495,31.763514
-1.293604,31.764602
-1.293714,31.765690
-1.293823,31.766777
-1.293933,31.767865
-1.294043,31.768952
-1.294152,31.770040
-1.294262,31.771127
-1.294371,31.772215
-1.294481,31.773302
-1.294591,31.774389
-1.294700,31.775476
-1.294810,31.776563
-1.294919,31.777650
-1.295029,31.778737
-1.295139,31.779824
-1.295248,31.780910
-1.295358,31.781997
-1.295467,31.783083
-1.295577,31.784170
-1.295687,31.785256
-1.295796,31.786342
-1.295906,31.787429
-1.296015,31.788515
-1.296125,31.789601
-1.296235,31.790687
-1.296344,31.791773
-1.296454,31.792858
-1.296563,31.793944
-1.296673,31.795030
-1.296783,31.796115
-1.296892,31.797201
-1.297002,31.798286
-1.297112,31.799372
-1.297221,31.800457
-1.297331,31.801542
-1.297440,31.802627
-1.297550,31.803712
-1.297660,31.804797
-1.297769,31.805882
-1.297879,31.806967
-1.297988,31.808052
-1.298098,31.809136
-1.298208,31.810221
-1.298317,31.811305
-1.298427,31.812390
-1.298536,31.813474
-1.298646,31.814558
-1.298756,31.815642
-1.298865,31.816726
-1.298975,31.817810
-1.299085,31.818894
-1.299194,31.819978
-1.299304,31.821062
-1.299413,31.822146
-1.299523,31.823229
-1.299633,31.824313
-1.299742,31.825396
-1.299852,31.826479
-1.299962,31.827563
-1.300071,31.828646
-1.300181,31.829729
-1.300290,31.830812
-1.300400,31.831895
-1.300510,31.832978
-1.300619,31.834061
-1.300729,31.835144
-1.300838,31.836226
-1.300948,31.837309
-1.301058,31.838391
-1.301167,31.839474
-1.301277,31.840556
-1.301387,31.841638
-1.301496,31.842720
-1.301606,31.843803
-1.301715,31.844885
-1.301825,31.845967
-1.301935,31.847048
-1.302044,31.848130
-1.302154,31.849212
-1.302264,31.850293
-1.302373,31.851375
-1.302483,31.852456
-1.302592,31.853538
-1.302702,31.854619
-1.302812,31.855700
-1.302921,31.856782
-1.303031,31.857863
-1.303141,31.858944
-1.303250,31.860025
-1.303360,31.861105
-1.303470,31.862186
-1.303579,31.863267
-1.303689,31.864347
-1.303798,31.865428
-1.303908,31.866508
-1.304018,31.867589
-1.304127,31.868669
-1.304237,31.869749
-1.304347,31.870829
-1.304456,31.871909
-1.304566,31.872989
-1.304675,31.874069
-1.304785,31.875149
-1.304895,31.876229
-1.305004,31.877308
-1.305114,31.878388
-1.305224,31.879468
-1.305333,31.880547
-1.305443,31.881626
-1.305553,31.882706
-1.305662,31.883785
-1.305772,31.884864
-1.305882,31.885943
-1.305991,31.887022
-1.306101,31.888101
-1.306210,31.889179
-1.306320,31.890258
-1.306430,31.891337
-1.306539,31.892415
-1.306649,31.893494
-1.306759,31.894572
-1.306868,31.895650
-1.306978,31.896729
-1.307088,31.897807
-1.307197,31.898885
-1.307307,31.899963
-1.307416,31.901041
-1.307526,31.902119
-1.307636,31.903196
-1.307745,31.904274
-1.307855,31.905352
-1.307965,31.906429
-1.308074,31.907507
-1.308184,31.908584
-1.308294,31.909661
-1.308403,31.910738
-1.308513,31.911816
-1.308623,31.912893
-1.308732,31.913970
-1.308842,31.915046
-1.308952,31.916123
-1.309061,31.917200
-1.309171,31.918277
-1.309280,31.919353
-1.309390,31.920430
-1.309500,31.921506
-1.309609,31.922582
-1.309719,31.923659
-1.309829,31.924735
-1.309938,31.925811
-1.310048,31.926887
-1.310158,31.927963
-1.310267,31.929039
-1.310377,31.930115
-1.310487,31.931190
-1.310596,31.932266
-1.310706,31.933341
-1.310816,31.934417
-1.310925,31.935492
-1.311035,31.936568
-1.311145,31.937643
-1.311254,31.938718
-1.311364,31.939793
-1.311474,31.940868
-1.311583,31.941943
-1.311693,31.943018
-1.311803,31.944092
-1.311912,31.945167
-1.312022,31.946242
-1.312131,31.947316
-1.312241,31.948391
-1.312351,31.949465
-1.312460,31.950539
-1.312570,31.951614
-1.312680,31.952688
-1.312789,31.953762
-1.312899,31.954836
-1.313009,31.955909
-1.313118,31.956983
-1.313228,31.958057
-1.313338,31.959131
-1.313447,31.960204
-1.313557,31.961278
-1.313667,31.962351
-1.313776,31.963424
-1.313886,31.964498
-1.313996,31.965571
-1.314105,31.966644
-1.314215,31.967717
-1.314325,31.968790
-1.314434,31.969863
-1.314544,31.970936
-1.314654,31.972008
-1.314763,31.973081
-1.314873,31.974153
-1.314983,31.975226
-1.315092,31.976298
-1.315202,31.977370
-1.315312,31.978443
-1.315421,31.979515
-1.315531,31.980587
-1.315641,31.981659
-1.315750,31.982731
-1.315860,31.983803
-1.315970,31.984874
-1.316079,31.985946
-1.316189,31.987018
-1.316299,31.988089
-1.316408,31.989161
-1.316518,31.990232
-1.316628,31.991303
-1.316737,31.992374
-1.316847,31.993445
-1.316957,31.994516
-1.317066,31.995587
-1.317176,31.996658
-1.317286,31.997729
-1.317395,31.998800
-1.317505,31.999870
-1.317615,32.000941
-1.317724,32.002012
-1.317834,32.003082
-1.317944,32.004152
-1.318053,32.005222
-1.318163,32.006293
-1.318273,32.007363
-1.318382,32.008433
-1.318492,32.009503
-1.318602,32.010572
-1.318711,32.011642
-1.318821,32.012712
-1.318931,32.013782
-1.319040,32.014851
-1.319150,32.015921
-1.319260,32.016990
-1.319370,32.018059
-1.319479,32.019128
-1.319589,32.020198
-1.319699,32.021267
-1.319808,32.022336
-1.319918,32.023404
-1.320028,32.024473
-1.320137,32.025542
-1.320247,32.026611
-1.320357,32.027679
-1.320466,32.028748
-1.320576,32.029816
-1.320686,32.030884
-1.320795,32.031953
-1.320905,32.033021
-1.321015,32.034089
-1.321124,32.035157
-1.321234,32.036225
-1.321344,32.037293
-1.321453,32.038361
-1.321563,32.039428
-1.321673,32.040496
-1.321782,32.041564
-1.321892,32.042631
-1.322002,32.043698
-1.322111,32.044766
-1.322221,32.045833
-1.322331,32.046900
-1.322441,32.047967
-1.322550,32.049034
-1.322660,32.050101
-1.322770,32.051168
-1.322879,32.052235
-1.322989,32.053301
-1.323099,32.054368
-1.323208,32.055434
-1.323318,32.056501
-1.323428,32.057567
-1.323537,32.058634
-1.323647,32.059700
-1.323757,32.060766
-1.323866,32.061832
-1.323976,32.062898
-1.324086,32.063964
-1.324195,32.065030
-1.324305,32.066095
-1.324415,32.067161
-1.324525,32.068227
-1.324634,32.069292
-1.324744,32.070357
-1.324854,32.071423
-1.324963,32.072488
-1.325073,32.073553
-1.325183,32.074618
-1.325292,32.075683
-1.325402,32.076748
-1.325512,32.077813
-1.325621,32.078878
-1.325731,32.079943
-1.325841,32.081007
-1.325950,32.082072
-1.326060,32.083136
-1.326170,32.084201
-1.326280,32.085265
-1.326389,32.086329
-1.326499,32.087393
-1.326609,32.088457
-1.326718,32.089521
-1.326828,32.090585
-1.326938,32.091649
-1.327047,32.092713
-1.327157,32.093776
-1.327267,32.094840
-1.327376,32.095904
-1.327486,32.096967
-1.327596,32.098030
-1.327706,32.099094
-1.327815,32.100157
-1.327925,32.101220
-1.328035,32.102283
-1.328144,32.103346
-1.328254,32.104409
-1.328364,32.105472
-1.328473,32.106534
-1.328583,32.107597
-1.328693,32.108659
-1.328802,32.109722
-1.328912,32.110784
-1.329022,32.111847
-1.329132,32.112909
-1.329241,32.113971
-1.329351,32.115033
-1.329461,32.116095
-1.329570,32.117157
-1.329680,32.118219
-1.329790,32.119281
-1.329899,32.120342
-1.330009,32.121404
-1.330119,32.122465
-1.330228,32.123527
-1.330338,32.124588
-1.330448,32.125650
-1.330558,32.126711
-1.330667,32.127772
-1.330777,32.128833
-1.330887,32.129894
-1.330996,32.130955
-1.331106,32.132016
-1.331216,32.133076
-1.331325,32.134137
-1.331435,32.135198
-1.331545,32.136258
-1.331655,32.137319
-1.331764,32.138379
-1.331874,32.139439
-1.331984,32.140499
-1.332093,32.141559
-1.332203,32.142619
-1.332313,32.143679
-1.332422,32.144739
-1.332532,32.145799
-1.332642,32.146859
-1.332752,32.147918
-1.332861,32.148978
-1.332971,32.150037
-1.333081,32.151097
-1.333190,32.152156
-1.333300,32.153215
-1.333410,32.154274
-1.333519,32.155333
-1.333629,32.156392
-1.333739,32.157451
-1.333849,32.158510
-1.333958,32.159569
-1.334068,32.160628
-1.334178,32.161686
-1.334287,32.162745
-1.334397,32.163803
-1.334507,32.164862
-1.334616,32.165920
-1.334726,32.166978
-1.334836,32.168036
-1.334946,32.169094
-1.335055,32.170152
-1.335165,32.171210
-1.335275,32.172268
-1.335384,32.173325
-1.335494,32.174383
-1.335604,32.175441
-1.335713,32.176498
-1.335823,32.177556
-1.335933,32.178613
-1.336043,32.179670
-1.336152,32.180727
-1.336262,32.181784
-1.336372,32.182841
-1.336481,32.183898
-1.336591,32.184955
-1.336701,32.186012
-1.336810,32.187069
-1.336920,32.188125
-1.337030,32.189182
-1.337140,32.190238
-1.337249,32.191295
-1.337359,32.192351
-1.337469,32.193407
-1.337578,32.194463
-1.337688,32.195519
-1.337798,32.196575
-1.337908,32.197631
-1.338017,32.198687
-1.338127,32.199743
-1.338237,32.200798
-1.338346,32.201854
-1.338456,32.202909
-1.338566,32.203965
-1.338675,32.205020
-1.338785,32.206075
-1.338895,32.207131
-1.339005,32.208186
-1.339114,32.209241
-1.339224,32.210296
-1.339334,32.211351
-1.339443,32.212405
-1.339553,32.213460
-1.339663,32.214515
-1.339772,32.215569
-1.339882,32.216624
-1.339992,32.217678
-1.340102,32.218732
-1.340211,32.219787
-1.340321,32.220841
-1.340431,32.221895
-1.340540,32.222949
-1.340650,32.224003
-1.340760,32.225057
-1.340870,32.226110
-1.340979,32.227164
-1.341089,32.228218
-1.341199,32.229271
-1.341308,32.230325
-1.341418,32.231378
-1.341528,32.232431
-1.341638,32.233484
-1.341747,32.234537
-1.341857,32.235591
-1.341967,32.236643
-1.342076,32.237696
-1.342186,32.238749
-1.342296,32.239802
-1.342405,32.240855
-1.342515,32.241907
-1.342625,32.242960
-1.342735,32.244012
-1.342844,32.245064
-1.342954,32.246117
-1.343064,32.247169
-1.343173,32.248221
-1.343283,32.249273
-1.343393,32.250325
-1.343503,32.251377
-1.343612,32.252428
-1.343722,32.253480
-1.343832,32.254532
-1.343941,32.255583
-1.344051,32.256635
-1.344161,32.257686
-1.344270,32.258737
-1.344380,32.259788
-1.344490,32.260840
-1.344600,32.261891
-1.344709,32.262942
-1.344819,32.263993
-1.344929,32.265043
-1.345038,32.266094
-1.345148,32.267145
-1.345258,32.268195
-1.345368,32.269246
-1.345477,32.270296
-1.345587,32.271347
-1.345697,32.272397
-1.345806,32.273447
-1.345916,32.274497
-1.346026,32.275547
-1.346136,32.276597
-1.346245,32.277647
-1.346355,32.278697
-1.346465,32.279746
-1.346574,32.280796
-1.346684,32.281846
-1.346794,32.282895
-1.346904,32.283944
-1.347013,32.284994
-1.347123,32.286043
-1.347233,32.287092
-1.347342,32.288141
-1.347452,32.289190
-1.347562,32.290239
-1.347671,32.291288
-1.347781,32.292337
-1.347891,32.293385
-1.348001,32.294434
-1.348110,32.295482
-1.348220,32.296531
-1.348330,32.297579
-1.348439,32.298627
-1.348549,32.299676
-1.348659,32.300724
-1.348769,32.301772
-1.348878,32.302820
-1.348988,32.303868
-1.349098,32.304915
-1.349207,32.305963
-1.349317,32.307011
-1.349427,32.308058
-1.349537,32.309106
-1.349646,32.310153
-1.349756,32.311200
-1.349866,32.312248
-1.349975,32.313295
-1.350085,32.314342
-1.350195,32.315389
-1.350305,32.316436
-1.350414,32.317483
-1.350524,32.318529
-1.350634,32.319576
-1.350743,32.320623
-1.350853,32.321669
-1.350963,32.322716
-1.351072,32.323762
-1.351182,32.324808
-1.351292,32.325855
-1.351402,32.326901
-1.351511,32.327947
-1.351621,32.328993
-1.351731,32.330039
-1.351840,32.331084
-1.351950,32.332130
-1.352060,32.333176
-1.352170,32.334221
-1.352279,32.335267
-1.352389,32.336312
-1.352499,32.337358
-1.352608,32.338403
-1.352718,32.339448
-1.352828,32.340493
-1.352938,32.341538
-1.353047,32.342583
-1.353157,32.343628
-1.353267,32.344673
-1.353376,32.345717
-1.353486,32.346762
-1.353596,32.347806
-1.353706,32.348851
-1.353815,32.349895
-1.353925,32.350940
-1.354035,32.351984
-1.354144,32.353028
-1.354254,32.354072
-1.354364,32.355116
-1.354473,32.356160
-1.354583,32.357204
-1.354693,32.358247
-1.354803,32.359291
-1.354912,32.360335
-1.355022,32.361378
-1.355132,32.362422
-1.355241,32.363465
-1.355351,32.364508
-1.355461,32.365551
-1.355571,32.366594
-1.355680,32.367637
-1.355790,32.368680
-1.355900,32.369723
-1.356009,32.370766
-1.356119,32.371809
-1.356229,32.372851
-1.356339,32.373894
-1.356448,32.374936
-1.356558,32.375979
-1.356668,32.377021
-1.356777,32.378063
-1.356887,32.379105
-1.356997,32.380148
-1.357106,32.381189
-1.357216,32.382231
-1.357326,32.383273
-1.357436,32.384315
-1.357545,32.385357
-1.357655,32.386398
-1.357765,32.387440
-1.357874,32.388481
-1.357984,32.389523
-1.358094,32.390564
-1.358204,32.391605
-1.358313,32.392646
-1.358423,32.393687
-1.358533,32.394728
-1.358642,32.395769
-1.358752,32.396810
-1.358862,32.397850
-1.358972,32.398891
-1.359081,32.399932
-1.359191,32.400972
-1.359301,32.402013
-1.359410,32.403053
-1.359520,32.404093
-1.359630,32.405133
-1.359739,32.406173
-1.359849,32.407213
-1.359959,32.408253
-1.360069,32.409293
-1.360178,32.410333
-1.360288,32.411373
-1.360398,32.412412
-1.360507,32.413452
-1.360617,32.414491
-1.360727,32.415530
-1.360837,32.416570
-1.360946,32.417609
-1.361056,32.418648
-1.361166,32.419687
-1.361275,32.420726
-1.361385,32.421765
-1.361495,32.422804
-1.361604,32.423842
-1.361714,32.424881
-1.361824,32.425920
-1.361934,32.426958
-1.362043,32.427997
-1.362153,32.429035
-1.362263,32.430073
-1.362372,32.431111
-1.362482,32.432149
-1.362592,32.433187
-1.362702,32.434225
-1.362811,32.435263
-1.362921,32.436301
-1.363031,32.437339
-1.363140,32.438376
-1.363250,32.439414
-1.363360,32.440451
-1.363469,32.441489
-1.363579,32.442526
-1.363689,32.443563
-1.363799,32.444600
-1.363908,32.445637
-1.364018,32.446674
-1.364128,32.447711
-1.364237,32.448748
-1.364347,32.449785
-1.364457,32.450821
-1.364566,32.451858
-1.364676,32.452894
-1.364786,32.453931
-1.364896,32.454967
-1.365005,32.456003
-1.365115,32.457040
-1.365225,32.458076
-1.365334,32.459112
-1.365444,32.460148
-1.365554,32.461183
-1.365663,32.462219
-1.365773,32.463255
-1.365883,32.464291
-1.365993,32.465326
-1.366102,32.466362
-1.366212,32.467397
-1.366322,32.468432
-1.366431,32.469467
-1.366541,32.470503
-1.366651,32.471538
-1.366760,32.472573
-1.366870,32.473608
-1.366980,32.474642
-1.367090,32.475677
-1.367199,32.476712
-1.367309,32.477746
-1.367419,32.478781
-1.367528,32.479815
-1.367638,32.480850
-1.367748,32.481884
-1.367857,32.482918
-1.367967,32.483952
-1.368077,32.484986
-1.368187,32.486020
-1.368296,32.487054
-1.368406,32.488088
-1.368516,32.489121
-1.368625,32.490155
-1.368735,32.491189
-1.368845,32.492222
-1.368954,32.493255
-1.369064,32.494289
-1.369174,32.495322
-1.369284,32.496355
-1.369393,32.497388
-1.369503,32.498421
-1.369613,32.499454
-1.369722,32.500487
-1.369832,32.501520
-1.369942,32.502552
-1.370051,32.503585
-1.370161,32.504617
-1.370271,32.505650
-1.370380,32.506682
-1.370490,32.507715
-1.370600,32.508747
-1.370710,32.509779
-1.370819,32.510811
-1.370929,32.511843
-1.371039,32.512875
-1.371148,32.513906
-1.371258,32.514938
-1.371368,32.515970
-1.371477,32.517001
-1.371587,32.518033
-1.371697,32.519064
-1.371806,32.520096
-1.371916,32.521127
-1.372026,32.522158
-1.372136,32.523189
-1.372245,32.524220
-1.372355,32.525251
-1.372465,32.526282
-1.372574,32.527312
-1.372684,32.528343
-1.372794,32.529374
-1.372903,32.530404
-1.373013,32.531435
-1.373123,32.532465
-1.373232,32.533495
-1.373342,32.534526
-1.373452,32.535556
-1.373562,32.536586
-1.373671,32.537616
-1.373781,32.538646
-1.373891,32.539675
-1.374000,32.540705
-1.374110,32.541735
-1.374220,32.542764
-1.374329,32.543794
-1.374439,32.544823
-1.374549,32.545852
-1.374658,32.546882
-1.374768,32.547911
-1.374878,32.548940
-1.374987,32.549969
-1.375097,32.550998
-1.375207,32.552027
-1.375317,32.553055
-1.375426,32.554084
-1.375536,32.555113
-1.375646,32.556141
-1.375755,32.557170
-1.375865,32.558198
-1.375975,32.559226
-1.376084,32.560254
-1.376194,32.561283
-1.376304,32.562311
-1.376413,32.563339
-1.376523,32.564367
-1.376633,32.565394
-1.376742,32.566422
-1.376852,32.567450
-1.376962,32.568477
-1.377072,32.569505
-1.377181,32.570532
-1.377291,32.571559
-1.377401,32.572587
-1.377510,32.573614
-1.377620,32.574641
-1.377730,32.575668
-1.377839,32.576695
-1.377949,32.577722
-1.378059,32.578748
-1.378168,32.579775
-1.378278,32.580802
-1.378388,32.581828
-1.378497,32.582855
-1.378607,32.583881
-1.378717,32.584907
-1.378826,32.585934
-1.378936,32.586960
-1.379046,32.587986
-1.379155,32.589012
-1.379265,32.590038
-1.379375,32.591063
-1.379484,32.592089
-1.379594,32.593115
-1.379704,32.594140
-1.379814,32.595166
-1.379923,32.596191
-1.380033,32.597217
-1.380143,32.598242
-1.380252,32.599267
-1.380362,32.600292
-1.380472,32.601317
-1.380581,32.602342
-1.380691,32.603367
-1.380801,32.604392
-1.380910,32.605416
-1.381020,32.606441
-1.381130,32.607465
-1.381239,32.608490
-1.381349,32.609514
-1.381459,32.610539
-1.381568,32.611563
-1.381678,32.612587
-1.381788,32.613611
-1.381897,32.614635
-1.382007,32.615659
-1.382117,32.616683
-1.382226,32.617706
-1.382336,32.618730
-1.382446,32.619754
-1.382555,32.620777
-1.382665,32.621801
-1.382775,32.622824
-1.382884,32.623847
-1.382994,32.624870
-1.383104,32.625893
-1.383213,32.626916
-1.383323,32.627939
-1.383433,32.628962
-1.383542,32.629985
-1.383652,32.631008
-1.383762,32.632030
-1.383871,32.633053
-1.383981,32.634075
-1.384091,32.635098
-1.384200,32.636120
-1.384310,32.637142
-1.384420,32.638164
-1.384529,32.639186
-1.384639,32.640208
-1.384749,32.641230
-1.384858,32.642252
-1.384968,32.643274
-1.385078,32.644295
-1.385187,32.645317
-1.385297,32.646338
-1.385407,32.647360
-1.385516,32.648381
-1.385626,32.649402
-1.385736,32.650424
-1.385845,32.651445
-1.385955,32.652466
-1.386065,32.653487
-1.386174,32.654507
-1.386284,32.655528
-1.386394,32.656549
-1.386503,32.657570
-1.386613,32.658590
-1.386723,32.659611
-1.386832,32.660631
-1.386942,32.661651
-1.387052,32.662671
-1.387161,32.663692
-1.387271,32.664712
-1.387381,32.665732
-1.387490,32.666752
-1.387600,32.667771
-1.387710,32.668791
-1.387819,32.669811
-1.387929,32.670830
-1.388039,32.671850
-1.388148,32.672869
-1.388258,32.673889
-1.388368,32.674908
-1.388477,32.675927
-1.388587,32.676946
-1.388696,32.677965
-1.388806,32.678984
-1.388916,32.680003
-1.389025,32.681022
-1.389135,32.682040
-1.389245,32.683059
-1.389354,32.684078
-1.389464,32.685096
-1.389574,32.686114
-1.389683,32.687133
-1.389793,32.688151
-1.389903,32.689169
-1.390012,32.690187
-1.390122,32.691205
-1.390232,32.692223
-1.390341,32.693241
-1.390451,32.694258
-1.390561,32.695276
-1.390670,32.696294
-1.390780,32.697311
-1.390890,32.698329
-1.390999,32.699346
-1.391109,32.700363
-1.391218,32.701380
-1.391328,32.702397
-1.391438,32.703415
-1.391547,32.704431
-1.391657,32.705448
-1.391767,32.706465
-1.391876,32.707482
-1.391986,32.708498
-1.392096,32.709515
-1.392205,32.710531
-1.392315,32.711548
-1.392425,32.712564
-1.392534,32.713580
-1.392644,32.714596
-1.392753,32.715612
-1.392863,32.716628
-1.392973,32.717644
-1.393082,32.718660
-1.393192,32.719676
-1.393302,32.720692
-1.393411,32.721707
-1.393521,32.722723
-1.393631,32.723738
-1.393740,32.724753
-1.393850,32.725769
-1.393960,32.726784
-1.394069,32.727799
-1.394179,32.728814
-1.394288,32.729829
-1.394398,32.730844
-1.394508,32.731859
-1.394617,32.732873
-1.394727,32.733888
-1.394837,32.734902
-1.394946,32.735917
-1.395056,32.736931
-1.395166,32.737946
-1.395275,32.738960
-1.395385,32.739974
-1.395494,32.740988
-1.395604,32.742002
-1.395714,32.743016
-1.395823,32.744030
-1.395933,32.745043
-1.396043,32.746057
-1.396152,32.747071
-1.396262,32.748084
-1.396371,32.749097
-1.396481,32.750111
-1.396591,32.751124
-1.396700,32.752137
-1.396810,32.753150
-1.396920,32.754163
-1.397029,32.755176
-1.397139,32.756189
-1.397249,32.757202
-1.397358,32.758215
-1.397468,32.759227
-1.397577,32.760240
-1.397687,32.761252
-1.397797,32.762265
-1.397906,32.763277
-1.398016,32.764289
-1.398126,32.765301
-1.398235,32.766313
-1.398345,32.767325
-1.398454,32.768337
-1.398564,32.769349
-1.398674,32.770361
-1.398783,32.771372
-1.398893,32.772384
-1.399003,32.773395
-1.399112,32.774407
-1.399222,32.775418
-1.399331,32.776429
-1.399441,32.777441
-1.399551,32.778452
-1.399660,32.779463
-1.399770,32.780474
-1.399879,32.781485
-1.399989,32.782495
-1.400099,32.783506
-1.400208,32.784517
-1.400318,32.785527
-1.400428,32.786538
-1.400537,32.787548
-1.400647,32.788558
-1.400756,32.789569
-1.400866,32.790579
-1.400976,32.791589
-1.401085,32.792599
-1.401195,32.793609
-1.401304,32.794618
-1.401414,32.795628
-1.401524,32.796638
-1.401633,32.797647
-1.401743,32.798657
-1.401853,32.799666
-1.401962,32.800676
-1.402072,32.801685
-1.402181,32.802694
-1.402291,32.803703
-1.402401,32.804712
-1.402510,32.805721
-1.402620,32.806730
-1.402729,32.807739
-1.402839,32.808747
-1.402949,32.809756
-1.403058,32.810765
-1.403168,32.811773
-1.403277,32.812781
-1.403387,32.813790
-1.403497,32.814798
-1.403606,32.815806
-1.403716,32.816814
-1.403825,32.817822
-1.403935,32.818830
-1.404045,32.819838
-1.404154,32.820845
-1.404264,32.821853
-1.404373,32.822861
-1.404483,32.823868
-1.404593,32.824876
-1.404702,32.825883
-1.404812,32.826890
-1.404921,32.827897
-1.405031,32.828904
-1.405141,32.829911
-1.405250,32.830918
-1.405360,32.831925
-1.405469,32.832932
-1.405579,32.833939
-1.405689,32.834945
-1.405798,32.835952
-1.405908,32.836958
-1.406017,32.837965
-1.406127,32.838971
-1.406237,32.839977
-1.406346,32.840983
-1.406456,32.841989
-1.406565,32.842995
-1.406675,32.844001
-1.406785,32.845007
-1.406894,32.846013
-1.407004,32.847018
-1.407113,32.848024
-1.407223,32.849029
-1.407332,32.850035
-1.407442,32.851040
-1.407552,32.852045
-1.407661,32.853051
-1.407771,32.854056
-1.407880,32.855061
-1.407990,32.856066
-1.408100,32.857070
-1.408209,32.858075
-1.408319,32.859080
-1.408428,32.860084
-1.408538,32.861089
-1.408647,32.862093
-1.408757,32.863098
-1.408867,32.864102
-1.408976,32.865106
-1.409086,32.866110
-1.409195,32.867114
-1.409305,32.868118
-1.409415,32.869122
-1.409524,32.870126
-1.409634,32.871130
-1.409743,32.872133
-1.409853,32.873137
-1.409962,32.874140
-1.410072,32.875144
-1.410182,32.876147
-1.410291,32.877150
-1.410401,32.878154
-1.410510,32.879157
-1.410620,32.880160
-1.410729,32.881163
-1.410839,32.882165
-1.410949,32.883168
-1.411058,32.884171
-1.411168,32.885174
-1.411277,32.886176
-1.411387,32.887178
-1.411496,32.888181
-1.411606,32.889183
-1.411716,32.890185
-1.411825,32.891187
-1.411935,32.892189
-1.412044,32.893191
-1.412154,32.894193
-1.412263,32.895195
-1.412373,32.896197
-1.412483,32.897198
-1.412592,32.898200
-1.412702,32.899201
-1.412811,32.900203
-1.412921,32.901204
-1.413030,32.902205
-1.413140,32.903207
-1.413249,32.904208
-1.413359,32.905209
-1.413469,32.906210
-1.413578,32.907210
-1.413688,32.908211
-1.413797,32.909212
-1.413907,32.910212
-1.414016,32.911213
-1.414126,32.912213
-1.414236,32.913214
-1.414345,32.914214
-1.414455,32.915214
-1.414564,32.916214
-1.414674,32.917214
-1.414783,32.918214
-1.414893,32.919214
-1.415002,32.920214
-1.415112,32.921214
-1.415221,32.922213
-1.415331,32.923213
-1.415441,32.924212
-1.415550,32.925212
-1.415660,32.926211
-1.415769,32.927210
-1.415879,32.928209
-1.415988,32.929208
-1.416098,32.930207
-1.416207,32.931206
-1.416317,32.932205
-1.416427,32.933204
-1.416536,32.934203
-1.416646,32.935201
-1.416755,32.936200
-1.416865,32.937198
-1.416974,32.938196
-1.417084,32.939195
-1.417193,32.940193
-1.417303,32.941191
-1.417412,32.942189
-1.417522,32.943187
-1.417631,32.944185
-1.417741,32.945183
-1.417851,32.946180
-1.417960,32.947178
-1.418070,32.948176
-1.418179,32.949173
-1.418289,32.950170
-1.418398,32.951168
-1.418508,32.952165
-1.418617,32.953162
-1.418727,32.954159
-1.418836,32.955156
-1.418946,32.956153
-1.419055,32.957150
-1.419165,32.958147
-1.419275,32.959143
-1.419384,32.960140
-1.419494,32.961136
-1.419603,32.962133
-1.419713,32.963129
-1.419822,32.964125
-1.419932,32.965121
-1.420041,32.966118
-1.420151,32.967114
-1.420260,32.968110
-1.420370,32.969105
-1.420479,32.970101
-1.420589,32.971097
-1.420698,32.972092
-1.420808,32.973088
-1.420917,32.974083
-1.421027,32.975079
-1.421136,32.976074
-1.421246,32.977069
-1.421355,32.978064
-1.421465,32.979060
-1.421575,32.980055
-1.421684,32.981049
-1.421794,32.982044
-1.421903,32.983039
-1.422013,32.984034
-1.422122,32.985028
-1.422232,32.986023
-1.422341,32.987017
-1.422451,32.988011
-1.422560,32.989006
-1.422670,32.990000
-1.422779,32.990994
-1.422889,32.991988
-1.422998,32.992982
-1.423108,32.993976
-1.423217,32.994969
-1.423327,32.995963
-1.423436,32.996957
-1.423546,32.997950
-1.423655,32.998944
-1.423765,32.999937
-1.423874,33.000930
-1.423984,33.001924
-1.424093,33.002917
-1.424203,33.003910
-1.424312,33.004903
-1.424422,33.005896
-1.424531,33.006888
-1.424641,33.007881
-1.424750,33.008874
-1.424860,33.009866
-1.424969,33.010859
-1.425079,33.011851
-1.425188,33.012844
-1.425298,33.013836
-1.425407,33.014828
-1.425517,33.015820
-1.425626,33.016812
-1.425736,33.017804
-1.425845,33.018796
-1.425955,33.019788
-1.426064,33.020779
-1.426174,33.021771
-1.426283,33.022762
-1.426393,33.023754
-1.426502,33.024745
-1.426612,33.025736
-1.426721,33.026728
-1.426831,33.027719
-1.426940,33.028710
-1.427050,33.029701
-1.427159,33.030692
-1.427269,33.031682
-1.427378,33.032673
-1.427488,33.033664
-1.427597,33.034654
-1.427707,33.035645
-1.427816,33.036635
-1.427926,33.037625
-1.428035,33.038616
-1.428145,33.039606
-1.428254,33.040596
-1.428364,33.041586
-1.428473,33.042576
-1.428582,33.043566
-1.428692,33.044555
-1.428801,33.045545
-1.428911,33.046535
-1.429020,33.047524
-1.429130,33.048514
-1.429239,33.049503
-1.429349,33.050492
-1.429458,33.051481
-1.429568,33.052470
-1.429677,33.053460
-1.429787,33.054448
-1.429896,33.055437
-1.430006,33.056426
-1.430115,33.057415
-1.430225,33.058403
-1.430334,33.059392
-1.430444,33.060380
-1.430553,33.061369
-1.430662,33.062357
-1.430772,33.063345
-1.430881,33.064333
-1.430991,33.065322
-1.431100,33.066309
-1.431210,33.067297
-1.431319,33.068285
-1.431429,33.069273
-1.431538,33.070261
-1.431648,33.071248
-1.431757,33.072236
-1.431867,33.073223
-1.431976,33.074210
-1.432085,33.075198
-1.432195,33.076185
-1.432304,33.077172
-1.432414,33.078159
-1.432523,33.079146
-1.432633,33.080133
-1.432742,33.081120
-1.432852,33.082106
-1.432961,33.083093
-1.433071,33.084079
-1.433180,33.085066
-1.433289,33.086052
-1.433399,33.087038
-1.433508,33.088025
-1.433618,33.089011
-1.433727,33.089997
-1.433837,33.090983
-1.433946,33.091969
-1.434056,33.092954
-1.434165,33.093940
-1.434274,33.094926
-1.434384,33.095911
-1.434493,33.096897
-1.434603,33.097882
-1.434712,33.098868
-1.434822,33.099853
-1.434931,33.100838
-1.435041,33.101823
-1.435150,33.102808
-1.435259,33.103793
-1.435369,33.104778
-1.435478,33.105763
-1.435588,33.106747
-1.435697,33.107732
-1.435807,33.108716
-1.435916,33.109701
-1.436025,33.110685
-1.436135,33.111669
-1.436244,33.112654
-1.436354,33.113638
-1.436463,33.114622
-1.436573,33.115606
-1.436682,33.116590
-1.436791,33.117573
-1.436901,33.118557
-1.437010,33.119541
-1.437120,33.120524
-1.437229,33.121508
-1.437339,33.122491
-1.437448,33.123475
-1.437557,33.124458
-1.437667,33.125441
-1.437776,33.126424
-1.437886,33.127407
-1.437995,33.128390
-1.438105,33.129373
-1.438214,33.130355
-1.438323,33.131338
-1.438433,33.132321
-1.438542,33.133303
-1.438652,33.134286
-1.438761,33.135268
-1.438870,33.136250
-1.438980,33.137232
-1.439089,33.138214
-1.439199,33.139197
-1.439308,33.140178
-1.439417,33.141160
-1.439527,33.142142
-1.439636,33.143124
-1.439746,33.144105
-1.439855,33.145087
-1.439965,33.146068
-1.440074,33.147050
-1.440183,33.148031
-1.440293,33.149012
-1.440402,33.149993
-1.440512,33.150974
-1.440621,33.151955
-1.440730,33.152936
-1.440840,33.153917
-1.440949,33.154898
-1.441059,33.155879
-1.441168,33.156859
-1.441277,33.157840
-1.441387,33.158820
-1.441496,33.159800
-1.441606,33.160781
-1.441715,33.161761
-1.441824,33.162741
-1.441934,33.163721
-1.442043,33.164701
-1.442152,33.165681
-1.442262,33.166660
-1.442371,33.167640
-1.442481,33.168620
-1.442590,33.169599
-1.442699,33.170579
-1.442809,33.171558
-1.442918,33.172537
-1.443028,33.173516
-1.443137,33.174496
-1.443246,33.175475
-1.443356,33.176454
-1.443465,33.177432
-1.443574,33.178411
-1.443684,33.179390
-1.443793,33.180369
-1.443903,33.181347
-1.444012,33.182326
-1.444121,33.183304
-1.444231,33.184282
-1.444340,33.185261
-1.444450,33.186239
-1.444559,33.187217
-1.444668,33.188195
-1.444778,33.189173
-1.444887,33.190150
-1.444996,33.191128
-1.445106,33.192106
-1.445215,33.193084
-1.445324,33.194061
-1.445434,33.195038
-1.445543,33.196016
-1.445653,33.196993
-1.445762,33.197970
-1.445871,33.198947
-1.445981,33.199924
-1.446090,33.200901
-1.446199,33.201878
-1.446309,33.202855
-1.446418,33.203832
-1.446527,33.204808
-1.446637,33.205785
-1.446746,33.206761
-1.446856,33.207738
-1.446965,33.208714
-1.447074,33.209690
-1.447184,33.210666
-1.447293,33.211642
-1.447402,33.212618
-1.447512,33.213594
-1.447621,33.214570
-1.447730,33.215546
-1.447840,33.216521
-1.447949,33.217497
-1.448058,33.218472
-1.448168,33.219448
-1.448277,33.220423
-1.448386,33.221398
-1.448496,33.222374
-1.448605,33.223349
-1.448714,33.224324
-1.448824,33.225299
-1.448933,33.226273
-1.449042,33.227248
-1.449152,33.228223
-1.449261,33.229198
-1.449371,33.230172
-1.449480,33.231146
-1.449589,33.232121
-1.449699,33.233095
-1.449808,33.234069
-1.449917,33.235043
-1.450027,33.236017
-1.450136,33.236991
-1.450245,33.237965
-1.450355,33.238939
-1.450464,33.239913
-1.450573,33.240886
-1.450682,33.241860
-1.450792,33.242833
-1.450901,33.243807
-1.451010,33.244780
-1.451120,33.245753
-1.451229,33.246727
-1.451338,33.247700
-1.451448,33.248673
-1.451557,33.249646
-1.451666,33.250618
-1.451776,33.251591
-1.451885,33.252564
-1.451994,33.253536
-1.452104,33.254509
-1.452213,33.255481
-1.452322,33.256454
-1.452432,33.257426
-1.452541,33.258398
-1.452650,33.259370
-1.452760,33.260342
-1.452869,33.261314
-1.452978,33.262286
-1.453087,33.263258
-1.453197,33.264229
-1.453306,33.265201
-1.453415,33.266173
-1.453525,33.267144
-1.453634,33.268115
-1.453743,33.269087
-1.453853,33.270058
-1.453962,33.271029
-1.454071,33.272000
-1.454181,33.272971
-1.454290,33.273942
-1.454399,33.274913
-1.454508,33.275883
-1.454618,33.276854
-1.454727,33.277825
-1.454836,33.278795
-1.454946,33.279766
-1.455055,33.280736
-1.455164,33.281706
-1.455273,33.282676
-1.455383,33.283646
-1.455492,33.284616
-1.455601,33.285586
-1.455711,33.286556
-1.455820,33.287526
-1.455929,33.288496
-1.456038,33.289465
-1.456148,33.290435
-1.456257,33.291404
-1.456366,33.292373
-1.456476,33.293343
-1.456585,33.294312
-1.456694,33.295281
-1.456803,33.296250
-1.456913,33.297219
-1.457022,33.298188
-1.457131,33.299157
-1.457241,33.300125
-1.457350,33.301094
-1.457459,33.302063
-1.457568,33.303031
-1.457678,33.303999
-1.457787,33.304968
-1.457896,33.305936
-1.458005,33.306904
-1.458115,33.307872
-1.458224,33.308840
-1.458333,33.309808
-1.458443,33.310776
-1.458552,33.311744
-1.458661,33.312711
-1.458770,33.313679
-1.458880,33.314646
-1.458989,33.315614
-1.459098,33.316581
-1.459207,33.317548
-1.459317,33.318516
-1.459426,33.319483
-1.459535,33.320450
-1.459644,33.321417
-1.459754,33.322383
-1.459863,33.323350
-1.459972,33.324317
-1.460081,33.325283
-1.460191,33.326250
-1.460300,33.327216
-1.460409,33.328183
-1.460518,33.329149
-1.460628,33.330115
-1.460737,33.331081
-1.460846,33.332047
-1.460955,33.333013
-1.461065,33.333979
-1.461174,33.334945
-1.461283,33.335911
-1.461392,33.336876
-1.461502,33.337842
-1.461611,33.338807
-1.461720,33.339773
-1.461829,33.340738
-1.461939,33.341703
-1.462048,33.342669
-1.462157,33.343634
-1.462266,33.344599
-1.462375,33.345563
-1.462485,33.346528
-1.462594,33.347493
-1.462703,33.348458
-1.462812,33.349422
-1.462922,33.350387
-1.463031,33.351351
-1.463140,33.352316
-1.463249,33.353280
-1.463358,33.354244
-1.463468,33.355208
-1.463577,33.356172
-1.463686,33.357136
-1.463795,33.358100
-1.463905,33.359064
-1.464014,33.360027
-1.464123,33.360991
-1.464232,33.361955
-1.464341,33.362918
-1.464451,33.363881
-1.464560,33.364845
-1.464669,33.365808
-1.464778,33.366771
-1.464888,33.367734
-1.464997,33.368697
-1.465106,33.369660
-1.465215,33.370623
-1.465324,33.371585
-1.465434,33.372548
-1.465543,33.373511
-1.465652,33.374473
-1.465761,33.375436
-1.465870,33.376398
-1.465980,33.377360
-1.466089,33.378322
-1.466198,33.379284
-1.466307,33.380246
-1.466416,33.381208
-1.466526,33.382170
-1.466635,33.383132
-1.466744,33.384094
-1.466853,33.385055
-1.466962,33.386017
-1.467071,33.386978
-1.467181,33.387939
-1.467290,33.388901
-1.467399,33.389862
-1.467508,33.390823
-1.467617,33.391784
-1.467727,33.392745
-1.467836,33.393706
-1.467945,33.394667
-1.468054,33.395627
-1.468163,33.396588
-1.468273,33.397548
-1.468382,33.398509
-1.468491,33.399469
-1.468600,33.400430
-1.468709,33.401390
-1.468818,33.402350
-1.468928,33.403310
-1.469037,33.404270
-1.469146,33.405230
-1.469255,33.406190
-1.469364,33.407149
-1.469473,33.408109
-1.469583,33.409069
-1.469692,33.410028
-1.469801,33.410987
-1.469910,33.411947
-1.470019,33.412906
-1.470128,33.413865
-1.470238,33.414824
-1.470347,33.415783
-1.470456,33.416742
-1.470565,33.417701
-1.470674,33.418660
-1.470783,33.419618
-1.470892,33.420577
-1.471002,33.421536
-1.471111,33.422494
-1.471220,33.423452
-1.471329,33.424411
-1.471438,33.425369
-1.471547,33.426327
-1.471657,33.427285
-1.471766,33.428243
-1.471875,33.429201
-1.471984,33.430159
-1.472093,33.431116
-1.472202,33.432074
-1.472311,33.433031
-1.472421,33.433989
-1.472530,33.434946
-1.472639,33.435904
-1.472748,33.436861
-1.472857,33.437818
-1.472966,33.438775
-1.473075,33.439732
-1.473184,33.440689
-1.473294,33.441646
-1.473403,33.442602
-1.473512,33.443559
-1.473621,33.444516
-1.473730,33.445472
-1.473839,33.446429
-1.473948,33.447385
-1.474058,33.448341
-1.474167,33.449297
-1.474276,33.450253
-1.474385,33.451209
-1.474494,33.452165
-1.474603,33.453121
-1.474712,33.454077
-1.474821,33.455033
-1.474930,33.455988
-1.475040,33.456944
-1.475149,33.457899
-1.475258,33.458855
-1.475367,33.459810
-1.475476,33.460765
-1.475585,33.461720
-1.475694,33.462675
-1.475803,33.463630
-1.475912,33.464585
-1.476022,33.465540
-1.476131,33.466494
-1.476240,33.467449
-1.476349,33.468404
-1.476458,33.469358
-1.476567,33.470312
-1.476676,33.471267
-1.476785,33.472221
-1.476894,33.473175
-1.477003,33.474129
-1.477113,33.475083
-1.477222,33.476037
-1.477331,33.476991
-1.477440,33.477945
-1.477549,33.478898
-1.477658,33.479852
-1.477767,33.480805
-1.477876,33.481759
-1.477985,33.482712
-1.478094,33.483665
-1.478203,33.484618
-1.478313,33.485572
-1.478422,33.486525
-1.478531,33.487477
-1.478640,33.488430
-1.478749,33.489383
-1.478858,33.490336
-1.478967,33.491288
-1.479076,33.492241
-1.479185,33.493193
-1.479294,33.494146
-1.479403,33.495098
-1.479512,33.496050
-1.479621,33.497002
-1.479730,33.497954
-1.479840,33.498906
-1.479949,33.499858
-1.480058,33.500810
-1.480167,33.501762
-1.480276,33.502713
-1.480385,33.503665
-1.480494,33.504616
-1.480603,33.505568
-1.480712,33.506519
-1.480821,33.507470
-1.480930,33.508421
-1.481039,33.509372
-1.481148,33.510323
-1.481257,33.511274
-1.481366,33.512225
-1.481475,33.513176
-1.481584,33.514126
-1.481694,33.515077
-1.481803,33.516027
-1.481912,33.516978
-1.482021,33.517928
-1.482130,33.518878
-1.482239,33.519829
-1.482348,33.520779
-1.482457,33.521729
-1.482566,33.522679
-1.482675,33.523628
-1.482784,33.524578
-1.482893,33.525528
-1.483002,33.526478
-1.483111,33.527427
-1.483220,33.528376
-1.483329,33.529326
-1.483438,33.530275
-1.483547,33.531224
-1.483656,33.532173
-1.483765,33.533122
-1.483874,33.534071
-1.483983,33.535020
-1.484092,33.535969
-1.484201,33.536918
-1.484310,33.537866
-1.484419,33.538815
-1.484528,33.539763
-1.484637,33.540712
-1.484746,33.541660
-1.484855,33.542608
-1.484964,33.543556
-1.485073,33.544504
-1.485182,33.545452
-1.485291,33.546400
-1.485400,33.547348
-1.485509,33.548296
-1.485618,33.549244
-1.485727,33.550191
-1.485836,33.551139
-1.485945,33.552086
-1.486054,33.553033
-1.486163,33.553981
-1.486272,33.554928
-1.486381,33.555875
-1.486490,33.556822
-1.486599,33.557769
-1.486708,33.558716
-1.486817,33.559662
-1.486926,33.560609
-1.487035,33.561556
-1.487144,33.562502
-1.487253,33.563449
-1.487362,33.564395
-1.487471,33.565341
-1.487580,33.566287
-1.487689,33.567233
-1.487798,33.568179
-1.487907,33.569125
-1.488016,33.570071
-1.488125,33.571017
-1.488234,33.571963
-1.488343,33.572908
-1.488452,33.573854
-1.488561,33.574799
-1.488670,33.575745
-1.488779,33.576690
-1.488888,33.577635
-1.488997,33.578580
-1.489106,33.579525
-1.489215,33.580470
-1.489324,33.581415
-1.489433,33.582360
-1.489542,33.583305
-1.489651,33.584250
-1.489760,33.585194
-1.489869,33.586139
-1.489978,33.587083
-1.490087,33.588027
-1.490196,33.588972
-1.490305,33.589916
-1.490414,33.590860
-1.490523,33.591804
-1.490631,33.592748
-1.490740,33.593692
-1.490849,33.594635
-1.490958,33.595579
-1.491067,33.596523
-1.491176,33.597466
-1.491285,33.598409
-1.491394,33.599353
-1.491503,33.600296
-1.491612,33.601239
-1.491721,33.602182
-1.491830,33.603125
-1.491939,33.604068
-1.492048,33.605011
-1.492157,33.605954
-1.492266,33.606897
-1.492375,33.607839
-1.492483,33.608782
-1.492592,33.609724
-1.492701,33.610667
-1.492810,33.611609
-1.492919,33.612551
-1.493028,33.613493
-1.493137,33.614435
-1.493246,33.615377
-1.493355,33.616319
-1.493464,33.617261
-1.493573,33.618203
-1.493682,33.619144
-1.493791,33.620086
-1.493899,33.621027
-1.494008,33.621969
-1.494117,33.622910
-1.494226,33.623851
-1.494335,33.624792
-1.494444,33.625733
-1.494553,33.626674
-1.494662,33.627615
-1.494771,33.628556
-1.494880,33.629497
-1.494989,33.630438
-1.495097,33.631378
-1.495206,33.632319
-1.495315,33.633259
-1.495424,33.634199
-1.495533,33.635140
-1.495642,33.636080
-1.495751,33.637020
-1.495860,33.637960
-1.495969,33.638900
-1.496078,33.639840
-1.496186,33.640780
-1.496295,33.641719
-1.496404,33.642659
-1.496513,33.643598
-1.496622,33.644538
-1.496731,33.645477
-1.496840,33.646416
-1.496949,33.647356
-1.497057,33.648295
-1.497166,33.649234
-1.497275,33.650173
-1.497384,33.651112
-1.497493,33.652050
-1.497602,33.652989
-1.497711,33.653928
-1.497820,33.654866
-1.497928,33.655805
-1.498037,33.656743
-1.498146,33.657681
-1.498255,33.658620
-1.498364,33.659558
-1.498473,33.660496
-1.498582,33.661434
-1.498691,33.662372
-1.498799,33.663310
-1.498908,33.664247
-1.499017,33.665185
-1.499126,33.666123
-1.499235,33.667060
-1.499344,33.667997
-1.499452,33.668935
-1.499561,33.669872
-1.499670,33.670809
-1.499779,33.671746
-1.499888,33.672683
-1.499997,33.673620
-1.500106,33.674557
-1.500214,33.675494
-1.500323,33.676430
-1.500432,33.677367
-1.500541,33.678304
-1.500650,33.679240
-1.500759,33.680176
-1.500867,33.681113
-1.500976,33.682049
-1.501085,33.682985
-1.501194,33.683921
-1.501303,33.684857
-1.501412,33.685793
-1.501520,33.686729
-1.501629,33.687664
-1.501738,33.688600
-1.501847,33.689535
-1.501956,33.690471
-1.502065,33.691406
-1.502173,33.692342
-1.502282,33.693277
-1.502391,33.694212
-1.502500,33.695147
-1.502609,33.696082
-1.502717,33.697017
-1.502826,33.697952
-1.502935,33.698886
-1.503044,33.699821
-1.503153,33.700755
-1.503261,33.701690
-1.503370,33.702624
-1.503479,33.703559
-1.503588,33.704493
-1.503697,33.705427
-1.503805,33.706361
-1.503914,33.707295
-1.504023,33.708229
-1.504132,33.709163
-1.504241,33.710097
-1.504349,33.711030
-1.504458,33.711964
-1.504567,33.712897
-1.504676,33.713831
-1.504785,33.714764
-1.504893,33.715697
-1.505002,33.716631
-1.505111,33.717564
-1.505220,33.718497
-1.505328,33.719430
-1.505437,33.720362
-1.505546,33.721295
-1.505655,33.722228
-1.505764,33.723160
-1.505872,33.724093
-1.505981,33.725025
-1.506090,33.725958
-1.506199,33.726890
-1.506307,33.727822
-1.506416,33.728754
-1.506525,33.729686
-1.506634,33.730618
-1.506742,33.731550
-1.506851,33.732482
-1.506960,33.733414
-1.507069,33.734345
-1.507178,33.735277
-1.507286,33.736208
-1.507395,33.737140
-1.507504,33.738071
-1.507613,33.739002
-1.507721,33.739933
-1.507830,33.740865
-1.507939,33.741795
-1.508048,33.742726
-1.508156,33.743657
-1.508265,33.744588
-1.508374,33.745519
-1.508483,33.746449
-1.508591,33.747380
-1.508700,33.748310
-1.508809,33.749240
-1.508917,33.750171
-1.509026,33.751101
-1.509135,33.752031
-1.509244,33.752961
-1.509352,33.753891
-1.509461,33.754821
-1.509570,33.755750
-1.509679,33.756680
-1.509787,33.757610
-1.509896,33.758539
-1.510005,33.759469
-1.510113,33.760398
-1.510222,33.761327
-1.510331,33.762256
-1.510440,33.763185
-1.510548,33.764114
-1.510657,33.765043
-1.510766,33.765972
-1.510874,33.766901
-1.510983,33.767830
-1.511092,33.768758
-1.511201,33.769687
-1.511309,33.770615
-1.511418,33.771544
-1.511527,33.772472
-1.511635,33.773400
-1.511744,33.774328
-1.511853,33.775256
-1.511961,33.776184
-1.512070,33.777112
-1.512179,33.778040
-1.512288,33.778968
-1.512396,33.779895
-1.512505,33.780823
-1.512614,33.781750
-1.512722,33.782678
-1.512831,33.783605
-1.512940,33.784532
-1.513048,33.785459
-1.513157,33.786386
-1.513266,33.787313
-1.513374,33.788240
-1.513483,33.789167
-1.513592,33.790094
-1.513700,33.791021
-1.513809,33.791947
-1.513918,33.792874
-1.514026,33.793800
-1.514135,33.794726
-1.514244,33.795653
-1.514352,33.796579
-1.514461,33.797505
-1.514570,33.798431
-1.514678,33.799357
-1.514787,33.800283
-1.514896,33.801208
-1.515004,33.802134
-1.515113,33.803060
-1.515222,33.803985
-1.515330,33.804911
-1.515439,33.805836
-1.515548,33.806761
-1.515656,33.807686
-1.515765,33.808611
-1.515874,33.809537
-1.515982,33.810461
-1.516091,33.811386
-1.516199,33.812311
-1.516308,33.813236
-1.516417,33.814160
-1.516525,33.815085
-1.516634,33.816009
-1.516743,33.816934
-1.516851,33.817858
-1.516960,33.818782
-1.517069,33.819706
-1.517177,33.820630
-1.517286,33.821554
-1.517394,33.822478
-1.517503,33.823402
-1.517612,33.824326
-1.517720,33.825249
-1.517829,33.826173
-1.517938,33.827096
-1.518046,33.828020
-1.518155,33.828943
-1.518263,33.829866
-1.518372,33.830790
-1.518481,33.831713
-1.518589,33.832636
-1.518698,33.833558
-1.518806,33.834481
-1.518915,33.835404
-1.519024,33.836327
-1.519132,33.837249
-1.519241,33.838172
-1.519349,33.839094
-1.519458,33.840016
-1.519567,33.840939
-1.519675,33.841861
-1.519784,33.842783
-1.519892,33.843705
-1.520001,33.844627
-1.520110,33.845549
-1.520218,33.846470
-1.520327,33.847392
-1.520435,33.848314
-1.520544,33.849235
-1.520652,33.850157
-1.520761,33.851078
-1.520870,33.851999
-1.520978,33.852921
-1.521087,33.853842
-1.521195,33.854763
-1.521304,33.855684
-1.521412,33.856604
-1.521521,33.857525
-1.521630,33.858446
-1.521738,33.859367
-1.521847,33.860287
-1.521955,33.861207
-1.522064,33.862128
-1.522172,33.863048
-1.522281,33.863968
-1.522390,33.864888
-1.522498,33.865809
-1.522607,33.866728
-1.522715,33.867648
-1.522824,33.868568
-1.522932,33.869488
-1.523041,33.870407
-1.523149,33.871327
-1.523258,33.872247
-1.523366,33.873166
-1.523475,33.874085
-1.523584,33.875004
-1.523692,33.875924
-1.523801,33.876843
-1.523909,33.877762
-1.524018,33.878681
-1.524126,33.879599
-1.524235,33.880518
-1.524343,33.881437
-1.524452,33.882355
-1.524560,33.883274
-1.524669,33.884192
-1.524777,33.885111
-1.524886,33.886029
-1.524994,33.886947
-1.525103,33.887865
-1.525211,33.888783
-1.525320,33.889701
-1.525428,33.890619
-1.525537,33.891537
-1.525645,33.892454
-1.525754,33.893372
-1.525862,33.894289
-1.525971,33.895207
-1.526080,33.896124
-1.526188,33.897041
-1.526297,33.897958
-1.526405,33.898876
-1.526514,33.899793
-1.526622,33.900710
-1.526730,33.901626
-1.526839,33.902543
-1.526947,33.903460
-1.527056,33.904376
-1.527164,33.905293
-1.527273,33.906209
-1.527381,33.907126
-1.527490,33.908042
-1.527598,33.908958
-1.527707,33.909874
-1.527815,33.910790
-1.527924,33.911706
-1.528032,33.912622
-1.528141,33.913538
-1.528249,33.914454
-1.528358,33.915369
-1.528466,33.916285
-1.528575,33.917200
-1.528683,33.918116
-1.528792,33.919031
-1.528900,33.919946
-1.529009,33.920861
-1.529117,33.921776
-1.529225,33.922691
-1.529334,33.923606
-1.529442,33.924521
-1.529551,33.925436
-1.529659,33.926351
-1.529768,33.927265
-1.529876,33.928180
-1.529985,33.929094
-1.530093,33.930008
-1.530201,33.930923
-1.530310,33.931837
-1.530418,33.932751
-1.530527,33.933665
-1.530635,33.934579
-1.530744,33.935492
-1.530852,33.936406
-1.530961,33.937320
-1.531069,33.938233
-1.531177,33.939147
-1.531286,33.940060
-1.531394,33.940974
-1.531503,33.941887
-1.531611,33.942800
-1.531720,33.943713
-1.531828,33.944626
-1.531936,33.945539
-1.532045,33.946452
-1.532153,33.947365
-1.532262,33.948277
-1.532370,33.949190
-1.532478,33.950103
-1.532587,33.951015
-1.532695,33.951927
-1.532804,33.952840
-1.532912,33.953752
-1.533020,33.954664
-1.533129,33.955576
-1.533237,33.956488
-1.533346,33.957400
-1.533454,33.958312
-1.533562,33.959223
-1.533671,33.960135
-1.533779,33.961046
-1.533888,33.961958
-1.533996,33.962869
-1.534104,33.963781
-1.534213,33.964692
-1.534321,33.965603
-1.534430,33.966514
-1.534538,33.967425
-1.534646,33.968336
-1.534755,33.969247
-1.534863,33.970157
-1.534971,33.971068
-1.535080,33.971978
-1.535188,33.972889
-1.535297,33.973799
-1.535405,33.974710
-1.535513,33.975620
-1.535622,33.976530
-1.535730,33.977440
-1.535838,33.978350
-1.535947,33.979260
-1.536055,33.980170
-1.536163,33.981079
-1.536272,33.981989
-1.536380,33.982899
-1.536489,33.983808
-1.536597,33.984718
-1.536705,33.985627
-1.536814,33.986536
-1.536922,33.987445
-1.537030,33.988354
-1.537139,33.989263
-1.537247,33.990172
-1.537355,33.991081
-1.537464,33.991990
-1.537572,33.992899
-1.537680,33.993807
-1.537789,33.994716
-1.537897,33.995624
-1.538005,33.996532
-1.538114,33.997441
-1.538222,33.998349
-1.538330,33.999257
-1.538439,34.000165
-1.538547,34.001073
-1.538655,34.001981
-1.538764,34.002889
-1.538872,34.003796
-1.538980,34.004704
-1.539088,34.005611
-1.539197,34.006519
-1.539305,34.007426
-1.539413,34.008333
-1.539522,34.009241
-1.539630,34.010148
-1.539738,34.011055
-1.539847,34.011962
-1.539955,34.012869
-1.540063,34.013775
-1.540171,34.014682
-1.540280,34.015589
-1.540388,34.016495
-1.540496,34.017402
-1.540605,34.018308
-1.540713,34.019214
-1.540821,34.020121
-1.540929,34.021027
-1.541038,34.021933
-1.541146,34.022839
-1.541254,34.023745
-1.541363,34.024650
-1.541471,34.025556
-1.541579,34.026462
-1.541687,34.027367
-1.541796,34.028273
-1.541904,34.029178
-1.542012,34.030083
-1.542120,34.030989
-1.542229,34.031894
-1.542337,34.032799
-1.542445,34.033704
-1.542554,34.034609
-1.542662,34.035514
-1.542770,34.036418
-1.542878,34.037323
-1.542987,34.038228
-1.543095,34.039132
-1.543203,34.040036
-1.543311,34.040941
-1.543420,34.041845
-1.543528,34.042749
-1.543636,34.043653
-1.543744,34.044557
-1.543852,34.045461
-1.543961,34.046365
-1.544069,34.047269
-1.544177,34.048172
-1.544285,34.049076
-1.544394,34.049979
-1.544502,34.050883
-1.544610,34.051786
-1.544718,34.052689
-1.544827,34.053593
-1.544935,34.054496
-1.545043,34.055399
-1.545151,34.056302
-1.545259,34.057205
-1.545368,34.058107
-1.545476,34.059010
-1.545584,34.059913
-1.545692,34.060815
-1.545800,34.061718
-1.545909,34.062620
-1.546017,34.063522
-1.546125,34.064424
-1.546233,34.065326
-1.546341,34.066229
-1.546450,34.067130
-1.546558,34.068032
-1.546666,34.068934
-1.546774,34.069836
-1.546882,34.070737
-1.546991,34.071639
-1.547099,34.072540
-1.547207,34.073442
-1.547315,34.074343
-1.547423,34.075244
-1.547531,34.076145
-1.547640,34.077046
-1.547748,34.077947
-1.547856,34.078848
-1.547964,34.079749
-1.548072,34.080650
-1.548180,34.081550
-1.548289,34.082451
-1.548397,34.083351
-1.548505,34.084252
-1.548613,34.085152
-1.548721,34.086052
-1.548829,34.086952
-1.548938,34.087853
-1.549046,34.088753
-1.549154,34.089652
-1.549262,34.090552
-1.549370,34.091452
-1.549478,34.092352
-1.549587,34.093251
-1.549695,34.094151
-1.549803,34.095050
-1.549911,34.095949
-1.550019,34.096849
-1.550127,34.097748
-1.550235,34.098647
-1.550343,34.099546
-1.550452,34.100445
-1.550560,34.101344
-1.550668,34.102242
-1.550776,34.103141
-1.550884,34.104040
-1.550992,34.104938
-1.551100,34.105836
-1.551208,34.106735
-1.551317,34.107633
-1.551425,34.108531
-1.551533,34.109429
-1.551641,34.110327
-1.551749,34.111225
-1.551857,34.112123
-1.551965,34.113021
-1.552073,34.113918
-1.552181,34.114816
-1.552290,34.115714
-1.552398,34.116611
-1.552506,34.117508
-1.552614,34.118406
-1.552722,34.119303
-1.552830,34.120200
-1.552938,34.121097
-1.553046,34.121994
-1.553154,34.122891
-1.553262,34.123787
-1.553370,34.124684
-1.553478,34.125581
-1.553587,34.126477
-1.553695,34.127374
-1.553803,34.128270
-1.553911,34.129166
-1.554019,34.130063
-1.554127,34.130959
-1.554235,34.131855
-1.554343,34.132751
-1.554451,34.133647
-1.554559,34.134542
-1.554667,34.135438
-1.554775,34.136334
-1.554883,34.137229
-1.554991,34.138125
-1.555099,34.139020
-1.555208,34.139915
-1.555316,34.140811
-1.555424,34.141706
-1.555532,34.142601
-1.555640,34.143496
-1.555748,34.144391
-1.555856,34.145285
-1.555964,34.146180
-1.556072,34.147075
-1.556180,34.147969
-1.556288,34.148864
-1.556396,34.149758
-1.556504,34.150652
-1.556612,34.151547
-1.556720,34.152441
-1.556828,34.153335
-1.556936,34.154229
-1.557044,34.155123
-1.557152,34.156017
-1.557260,34.156910
-1.557368,34.157804
-1.557476,34.158697
-1.557584,34.159591
-1.557692,34.160484
-1.557800,34.161378
-1.557908,34.162271
-1.558016,34.163164
-1.558124,34.164057
-1.558232,34.164950
-1.558340,34.165843
-1.558448,34.166736
-1.558556,34.167629
-1.558664,34.168521
-1.558772,34.169414
-1.558880,34.170306
-1.558988,34.171199
-1.559096,34.172091
-1.559204,34.172983
-1.559312,34.173875
-1.559420,34.174768
-1.559528,34.175660
-1.559636,34.176552
-1.559744,34.177443
-1.559852,34.178335
-1.559960,34.179227
-1.560068,34.180118
-1.560176,34.181010
-1.560284,34.181901
-1.560392,34.182793
-1.560500,34.183684
-1.560608,34.184575
-1.560716,34.185466
-1.560824,34.186357
-1.560932,34.187248
-1.561039,34.188139
-1.561147,34.189030
-1.561255,34.189920
-1.561363,34.190811
-1.561471,34.191702
-1.561579,34.192592
-1.561687,34.193482
-1.561795,34.194373
-1.561903,34.195263
-1.562011,34.196153
-1.562119,34.197043
-1.562227,34.197933
-1.562335,34.198823
-1.562443,34.199713
-1.562551,34.200602
-1.562658,34.201492
-1.562766,34.202381
-1.562874,34.203271
-1.562982,34.204160
-1.563090,34.205050
-1.563198,34.205939
-1.563306,34.206828
-1.563414,34.207717
-1.563522,34.208606
-1.563630,34.209495
-1.563738,34.210384
-1.563846,34.211272
-1.563953,34.212161
-1.564061,34.213049
-1.564169,34.213938
-1.564277,34.214826
-1.564385,34.215715
-1.564493,34.216603
-1.564601,34.217491
-1.564709,34.218379
-1.564817,34.219267
-1.564924,34.220155
-1.565032,34.221043
-1.565140,34.221930
-1.565248,34.222818
-1.565356,34.223706
-1.565464,34.224593
-1.565572,34.225480
-1.565680,34.226368
-1.565787,34.227255
-1.565895,34.228142
-1.566003,34.229029
-1.566111,34.229916
-1.566219,34.230803
-1.566327,34.231690
-1.566435,34.232577
-1.566542,34.233463
-1.566650,34.234350
-1.566758,34.235236
-1.566866,34.236123
-1.566974,34.237009
-1.567082,34.237895
-1.567189,34.238781
-1.567297,34.239667
-1.567405,34.240553
-1.567513,34.241439
-1.567621,34.242325
-1.567729,34.243211
-1.567836,34.244097
-1.567944,34.244982
-1.568052,34.245868
-1.568160,34.246753
-1.568268,34.247638
-1.568376,34.248524
-1.568483,34.249409
-1.568591,34.250294
-1.568699,34.251179
-1.568807,34.252064
-1.568915,34.252949
-1.569022,34.253833
-1.569130,34.254718
-1.569238,34.255603
-1.569346,34.256487
-1.569454,34.257372
-1.569561,34.258256
-1.569669,34.259140
-1.569777,34.260024
-1.569885,34.260909
-1.569993,34.261793
-1.570100,34.262677
-1.570208,34.263560
-1.570316,34.264444
-1.570424,34.265328
-1.570532,34.266211
-1.570639,34.267095
-1.570747,34.267978
-1.570855,34.268862
-1.570963,34.269745
-1.571070,34.270628
-1.571178,34.271511
-1.571286,34.272394
-1.571394,34.273277
-1.571501,34.274160
-1.571609,34.275043
-1.571717,34.275926
-1.571825,34.276808
-1.571932,34.277691
-1.572040,34.278573
-1.572148,34.279456
-1.572256,34.280338
-1.572363,34.281220
-1.572471,34.282102
-1.572579,34.282984
-1.572687,34.283866
-1.572794,34.284748
-1.572902,34.285630
-1.573010,34.286512
-1.573118,34.287393
-1.573225,34.288275
-1.573333,34.289156
-1.573441,34.290038
-1.573549,34.290919
-1.573656,34.291800
-1.573764,34.292681
-1.573872,34.293562
-1.573979,34.294443
-1.574087,34.295324
-1.574195,34.296205
-1.574303,34.297086
-1.574410,34.297966
-1.574518,34.298847
-1.574626,34.299727
-1.574733,34.300608
-1.574841,34.301488
-1.574949,34.302368
-1.575056,34.303248
-1.575164,34.304128
-1.575272,34.305008
-1.575380,34.305888
-1.575487,34.306768
-1.575595,34.307648
-1.575703,34.308527
-1.575810,34.309407
-1.575918,34.310286
-1.576026,34.311166
-1.576133,34.312045
-1.576241,34.312924
-1.576349,34.313803
-1.576456,34.314683
-1.576564,34.315562
-1.576672,34.316440
-1.576779,34.317319
-1.576887,34.318198
-1.576995,34.319077
-1.577102,34.319955
-1.577210,34.320834
-1.577318,34.321712
-1.577425,34.322590
-1.577533,34.323469
-1.577641,34.324347
-1.577748,34.325225
-1.577856,34.326103
-1.577963,34.326981
-1.578071,34.327859
-1.578179,34.328736
-1.578286,34.329614
-1.578394,34.330492
-1.578502,34.331369
-1.578609,34.332247
-1.578717,34.333124
-1.578824,34.334001
-1.578932,34.334878
-1.579040,34.335755
-1.579147,34.336632
-1.579255,34.337509
-1.579363,34.338386
-1.579470,34.339263
-1.579578,34.340140
-1.579685,34.341016
-1.579793,34.341893
-1.579901,34.342769
-1.580008,34.343645
-1.580116,34.344522
-1.580223,34.345398
-1.580331,34.346274
-1.580439,34.347150
-1.580546,34.348026
-1.580654,34.348902
-1.580761,34.349777
-1.580869,34.350653
-1.580977,34.351529
-1.581084,34.352404
-1.581192,34.353280
-1.581299,34.354155
-1.581407,34.355030
-1.581514,34.355906
-1.581622,34.356781
-1.581730,34.357656
-1.581837,34.358531
-1.581945,34.359405
-1.582052,34.360280
-1.582160,34.361155
-1.582267,34.362029
-1.582375,34.362904
-1.582482,34.363778
-1.582590,34.364653
-1.582698,34.365527
-1.582805,34.366401
-1.582913,34.367275
-1.583020,34.368149
-1.583128,34.369023
-1.583235,34.369897
-1.583343,34.370771
-1.583450,34.371645
-1.583558,34.372518
-1.583665,34.373392
-1.583773,34.374265
-1.583880,34.375139
-1.583988,34.376012
-1.584095,34.376885
-1.584203,34.377758
-1.584310,34.378631
-1.584418,34.379504
-1.584526,34.380377
-1.584633,34.381250
-1.584741,34.382123
-1.584848,34.382995
-1.584956,34.383868
-1.585063,34.384740
-1.585171,34.385613
-1.585278,34.386485
-1.585386,34.387357
-1.585493,34.388229
-1.585601,34.389101
-1.585708,34.389973
-1.585815,34.390845
-1.585923,34.391717
-1.586030,34.392589
-1.586138,34.393460
-1.586245,34.394332
-1.586353,34.395203
-1.586460,34.396075
-1.586568,34.396946
-1.586675,34.397817
-1.586783,34.398688
-1.586890,34.399559
-1.586998,34.400430
-1.587105,34.401301
-1.587213,34.402172
-1.587320,34.403043
-1.587428,34.403913
-1.587535,34.404784
-1.587642,34.405654
-1.587750,34.406525
-1.587857,34.407395
-1.587965,34.408265
-1.588072,34.409135
-1.588180,34.410006
-1.588287,34.410875
-1.588395,34.411745
-1.588502,34.412615
-1.588609,34.413485
-1.588717,34.414355
-1.588824,34.415224
-1.588932,34.416094
-1.589039,34.416963
-1.589146,34.417832
-1.589254,34.418702
-1.589361,34.419571
-1.589469,34.420440
-1.589576,34.421309
-1.589684,34.422178
-1.589791,34.423046
-1.589898,34.423915
-1.590006,34.424784
-1.590113,34.425652
-1.590221,34.426521
-1.590328,34.427389
-1.590435,34.428258
-1.590543,34.429126
-1.590650,34.429994
-1.590758,34.430862
-1.590865,34.431730
-1.590972,34.432598
-1.591080,34.433466
-1.591187,34.434334
-1.591294,34.435201
-1.591402,34.436069
-1.591509,34.436936
-1.591617,34.437804
-1.591724,34.438671
-1.591831,34.439538
-1.591939,34.440405
-1.592046,34.441273
-1.592153,34.442139
-1.592261,34.443006
-1.592368,34.443873
-1.592475,34.444740
-1.592583,34.445607
-1.592690,34.446473
-1.592797,34.447340
-1.592905,34.448206
-1.593012,34.449072
-1.593119,34.449939
-1.593227,34.450805
-1.593334,34.451671
-1.593441,34.452537
-1.593549,34.453403
-1.593656,34.454269
-1.593763,34.455135
-1.593871,34.456000
-1.593978,34.456866
-1.594085,34.457731
-1.594193,34.458597
-1.594300,34.459462
-1.594407,34.460327
-1.594515,34.461192
-1.594622,34.462058
-1.594729,34.462923
-1.594837,34.463787
-1.594944,34.464652
-1.595051,34.465517
-1.595158,34.466382
-1.595266,34.467246
-1.595373,34.468111
-1.595480,34.468975
-1.595588,34.469840
-1.595695,34.470704
-1.595802,34.471568
-1.595909,34.472432
-1.596017,34.473296
-1.596124,34.474160
-1.596231,34.475024
-1.596339,34.475888
-1.596446,34.476751
-1.596553,34.477615
-1.596660,34.478479
-1.596768,34.479342
-1.596875,34.480205
-1.596982,34.481069
-1.597089,34.481932
-1.597197,34.482795
-1.597304,34.483658
-1.597411,34.484521
-1.597518,34.485384
-1.597626,34.486246
-1.597733,34.487109
-1.597840,34.487972
-1.597947,34.488834
-1.598055,34.489697
-1.598162,34.490559
-1.598269,34.491421
-1.598376,34.492284
-1.598483,34.493146
-1.598591,34.494008
-1.598698,34.494870
-1.598805,34.495731
-1.598912,34.496593
-1.599020,34.497455
-1.599127,34.498317
-1.599234,34.499178
-1.599341,34.500040
-1.599448,34.500901
-1.599556,34.501762
-1.599663,34.502623
-1.599770,34.503484
-1.599877,34.504346
-1.599984,34.505206
-1.600092,34.506067
-1.600199,34.506928
-1.600306,34.507789
-1.600413,34.508649
-1.600520,34.509510
-1.600628,34.510370
-1.600735,34.511231
-1.600842,34.512091
-1.600949,34.512951
-1.601056,34.513811
-1.601163,34.514671
-1.601271,34.515531
-1.601378,34.516391
-1.601485,34.517251
-1.601592,34.518111
-1.601699,34.518970
-1.601806,34.519830
-1.601913,34.520689
-1.602021,34.521549
-1.602128,34.522408
-1.602235,34.523267
-1.602342,34.524126
-1.602449,34.524985
-1.602556,34.525844
-1.602663,34.526703
-1.602771,34.527562
-1.602878,34.528421
-1.602985,34.529279
-1.603092,34.530138
-1.603199,34.530996
-1.603306,34.531855
-1.603413,34.532713
-1.603520,34.533571
-1.603628,34.534429
-1.603735,34.535287
-1.603842,34.536145
-1.603949,34.537003
-1.604056,34.537861
-1.604163,34.538719
-1.604270,34.539576
-1.604377,34.540434
-1.604484,34.541291
-1.604592,34.542149
-1.604699,34.543006
-1.604806,34.543863
-1.604913,34.544720
-1.605020,34.545577
-1.605127,34.546434
-1.605234,34.547291
-1.605341,34.548148
-1.605448,34.549005
-1.605555,34.549861
-1.605662,34.550718
-1.605769,34.551574
-1.605876,34.552431
-1.605984,34.553287
-1.606091,34.554143
-1.606198,34.554999
-1.606305,34.555856
-1.606412,34.556711
-1.606519,34.557567
-1.606626,34.558423
-1.606733,34.559279
-1.606840,34.560135
-1.606947,34.560990
-1.607054,34.561846
-1.607161,34.562701
-1.607268,34.563556
-1.607375,34.564411
-1.607482,34.565267
-1.607589,34.566122
-1.607696,34.566977
-1.607803,34.567832
-1.607910,34.568686
-1.608017,34.569541
-1.608124,34.570396
-1.608231,34.571250
-1.608338,34.572105
-1.608445,34.572959
-1.608552,34.573813
-1.608659,34.574668
-1.608766,34.575522
-1.608873,34.576376
-1.608980,34.577230
-1.609087,34.578084
-1.609194,34.578937
-1.609301,34.579791
-1.609408,34.580645
-1.609515,34.581498
-1.609622,34.582352
-1.609729,34.583205
-1.609836,34.584059
-1.609943,34.584912
-1.610050,34.585765
-1.610157,34.586618
-1.610264,34.587471
-1.610371,34.588324
-1.610478,34.589177
-1.610585,34.590029
-1.610692,34.590882
-1.610799,34.591735
-1.610906,34.592587
-1.611013,34.593440
-1.611120,34.594292
-1.611227,34.595144
-1.611334,34.595996
-1.611441,34.596848
-1.611548,34.597700
-1.611654,34.598552
-1.611761,34.599404
-1.611868,34.600256
-1.611975,34.601107
-1.612082,34.601959
-1.612189,34.602810
-1.612296,34.603662
-1.612403,34.604513
-1.612510,34.605364
-1.612617,34.606215
-1.612724,34.607067
-1.612831,34.607918
-1.612938,34.608768
-1.613044,34.609619
-1.613151,34.610470
-1.613258,34.611321
-1.613365,34.612171
-1.613472,34.613022
-1.613579,34.613872
-1.613686,34.614722
-1.613793,34.615573
-1.613900,34.616423
-1.614006,34.617273
-1.614113,34.618123
-1.614220,34.618973
-1.614327,34.619823
-1.614434,34.620672
-1.614541,34.621522
-1.614648,34.622372
-1.614755,34.623221
-1.614861,34.624070
-1.614968,34.624920
-1.615075,34.625769
-1.615182,34.626618
-1.615289,34.627467
-1.615396,34.628316
-1.615503,34.629165
-1.615609,34.630014
-1.615716,34.630863
-1.615823,34.631711
-1.615930,34.632560
-1.616037,34.633408
-1.616144,34.634257
-1.616250,34.635105
-1.616357,34.635953
-1.616464,34.636801
-1.616571,34.637650
-1.616678,34.638498
-1.616785,34.639345
-1.616891,34.640193
-1.616998,34.641041
-1.617105,34.641889
-1.617212,34.642736
-1.617319,34.643584
-1.617425,34.644431
-1.617532,34.645278
-1.617639,34.646126
-1.617746,34.646973
-1.617853,34.647820
-1.617959,34.648667
-1.618066,34.649514
-1.618173,34.650361
-1.618280,34.651207
-1.618387,34.652054
-1.618493,34.652901
-1.618600,34.653747
-1.618707,34.654593
-1.618814,34.655440
-1.618920,34.656286
-1.619027,34.657132
-1.619134,34.657978
-1.619241,34.658824
-1.619347,34.659670
-1.619454,34.660516
-1.619561,34.661362
-1.619668,34.662207
-1.619774,34.663053
-1.619881,34.663898
-1.619988,34.664744
-1.620095,34.665589
-1.620201,34.666434
-1.620308,34.667280
-1.620415,34.668125
-1.620522,34.668970
-1.620628,34.669815
-1.620735,34.670659
-1.620842,34.671504
-1.620949,34.672349
-1.621055,34.673193
-1.621162,34.674038
-1.621269,34.674882
-1.621375,34.675727
-1.621482,34.676571
-1.621589,34.677415
-1.621696,34.678259
-1.621802,34.679103
-1.621909,34.679947
-1.622016,34.680791
-1.622122,34.681635
-1.622229,34.682478
-1.622336,34.683322
-1.622442,34.684165
-1.622549,34.685009
-1.622656,34.685852
-1.622762,34.686695
-1.622869,34.687538
-1.622976,34.688381
-1.623082,34.689224
-1.623189,34.690067
-1.623296,34.690910
-1.623402,34.691753
-1.623509,34.692596
-1.623616,34.693438
-1.623722,34.694281
-1.623829,34.695123
-1.623936,34.695965
-1.624042,34.696808
-1.624149,34.697650
-1.624256,34.698492
-1.624362,34.699334
-1.624469,34.700176
-1.624576,34.701018
-1.624682,34.701859
-1.624789,34.702701
-1.624895,34.703543
-1.625002,34.704384
-1.625109,34.705225
-1.625215,34.706067
-1.625322,34.706908
-1.625429,34.707749
-1.625535,34.708590
-1.625642,34.709431
-1.625748,34.710272
-1.625855,34.711113
-1.625962,34.711954
-1.626068,34.712794
-1.626175,34.713635
-1.626281,34.714475
-1.626388,34.715316
-1.626495,34.716156
-1.626601,34.716996
-1.626708,34.717837
-1.626814,34.718677
-1.626921,34.719517
-1.627027,34.720357
-1.627134,34.721196
-1.627241,34.722036
-1.627347,34.722876
-1.627454,34.723715
-1.627560,34.724555
-1.627667,34.725394
-1.627773,34.726234
-1.627880,34.727073
-1.627987,34.727912
-1.628093,34.728751
-1.628200,34.729590
-1.628306,34.730429
-1.628413,34.731268
-1.628519,34.732106
-1.628626,34.732945
-1.628732,34.733784
-1.628839,34.734622
-1.628945,34.735461
-1.629052,34.736299
-1.629158,34.737137
-1.629265,34.737975
-1.629371,34.738813
-1.629478,34.739651
-1.629584,34.740489
-1.629691,34.741327
-1.629798,34.742165
-1.629904,34.743002
-1.630011,34.743840
-1.630117,34.744678
-1.630224,34.745515
-1.630330,34.746352
-1.630437,34.747189
-1.630543,34.748027
-1.630649,34.748864
-1.630756,34.749701
-1.630862,34.750538
-1.630969,34.751374
-1.631075,34.752211
-1.631182,34.753048
-1.631288,34.753884
-1.631395,34.754721
-1.631501,34.755557
-1.631608,34.756394
-1.631714,34.757230
-1.631821,34.758066
-1.631927,34.758902
-1.632034,34.759738
-1.632140,34.760574
-1.632246,34.761410
-1.632353,34.762245
-1.632459,34.763081
-1.632566,34.763917
-1.632672,34.764752
-1.632779,34.765588
-1.632885,34.766423
-1.632992,34.767258
-1.633098,34.768093
-1.633204,34.768928
-1.633311,34.769763
-1.633417,34.770598
-1.633524,34.771433
-1.633630,34.772268
-1.633736,34.773102
-1.633843,34.773937
-1.633949,34.774771
-1.634056,34.775606
-1.634162,34.776440
-1.634268,34.777274
-1.634375,34.778109
-1.634481,34.778943
-1.634588,34.779777
-1.634694,34.780611
-1.634800,34.781444
-1.634907,34.782278
-1.635013,34.783112
-1.635120,34.783945
-1.635226,34.784779
-1.635332,34.785612
-1.635439,34.786445
-1.635545,34.787279
-1.635651,34.788112
-1.635758,34.788945
-1.635864,34.789778
-1.635970,34.790611
-1.636077,34.791444
-1.636183,34.792276
-1.636290,34.793109
-1.636396,34.793942
-1.636502,34.794774
-1.636609,34.795606
-1.636715,34.796439
-1.636821,34.797271
-1.636928,34.798103
-1.637034,34.798935
-1.637140,34.799767
-1.637247,34.800599
-1.637353,34.801431
-1.637459,34.802263
-1.637565,34.803094
-1.637672,34.803926
-1.637778,34.804757
-1.637884,34.805589
-1.637991,34.806420
-1.638097,34.807251
-1.638203,34.808082
-1.638310,34.808913
-1.638416,34.809744
-1.638522,34.810575
-1.638628,34.811406
-1.638735,34.812237
-1.638841,34.813067
-1.638947,34.813898
-1.639054,34.814728
-1.639160,34.815559
-1.639266,34.816389
-1.639372,34.817219
-1.639479,34.818049
-1.639585,34.818879
-1.639691,34.819709
-1.639797,34.820539
-1.639904,34.821369
-1.640010,34.822199
-1.640116,34.823028
-1.640222,34.823858
-1.640329,34.824687
-1.640435,34.825517
-1.640541,34.826346
-1.640647,34.827175
-1.640754,34.828004
-1.640860,34.828834
-1.640966,34.829663
-1.641072,34.830491
-1.641179,34.831320
-1.641285,34.832149
-1.641391,34.832978
-1.641497,34.833806
-1.641603,34.834635
-1.641710,34.835463
-1.641816,34.836291
-1.641922,34.837119
-1.642028,34.837948
-1.642134,34.838776
-1.642241,34.839604
-1.642347,34.840431
-1.642453,34.841259
-1.642559,34.842087
-1.642665,34.842915
-1.642772,34.843742
-1.642878,34.844570
-1.642984,34.845397
-1.643090,34.846224
-1.643196,34.847051
-1.643302,34.847879
-1.643409,34.848706
-1.643515,34.849533
-1.643621,34.850359
-1.643727,34.851186
-1.643833,34.852013
-1.643939,34.852840
-1.644045,34.853666
-1.644152,34.854493
-1.644258,34.855319
-1.644364,34.856145
-1.644470,34.856971
-1.644576,34.857798
-1.644682,34.858624
-1.644788,34.859450
-1.644895,34.860275
-1.645001,34.861101
-1.645107,34.861927
-1.645213,34.862752
-1.645319,34.863578
-1.645425,34.864403
-1.645531,34.865229
-1.645637,34.866054
-1.645743,34.866879
-1.645850,34.867704
-1.645956,34.868529
-1.646062,34.869354
-1.646168,34.870179
-1.646274,34.871004
-1.646380,34.871829
-1.646486,34.872653
-1.646592,34.873478
-1.646698,34.874302
-1.646804,34.875127
-1.646910,34.875951
-1.647016,34.876775
-1.647122,34.877599
-1.647229,34.878423
-1.647335,34.879247
-1.647441,34.880071
-1.647547,34.880895
-1.647653,34.881719
-1.647759,34.882542
-1.647865,34.883366
-1.647971,34.884189
-1.648077,34.885012
-1.648183,34.885836
-1.648289,34.886659
-1.648395,34.887482
-1.648501,34.888305
-1.648607,34.889128
-1.648713,34.889951
-1.648819,34.890774
-1.648925,34.891596
-1.649031,34.892419
-1.649137,34.893241
-1.649243,34.894064
-1.649349,34.894886
-1.649455,34.895708
-1.649561,34.896531
-1.649667,34.897353
-1.649773,34.898175
-1.649879,34.898997
-1.649985,34.899819
-1.650091,34.900640
-1.650197,34.901462
-1.650303,34.902284
-1.650409,34.903105
-1.650515,34.903927
-1.650621,34.904748
-1.650727,34.905569
-1.650833,34.906390
-1.650939,34.907211
-1.651045,34.908032
-1.651151,34.908853
-1.651257,34.909674
-1.651363,34.910495
-1.651469,34.911316
-1.651575,34.912136
-1.651681,34.912957
-1.651787,34.913777
-1.651892,34.914597
-1.651998,34.915418
-1.652104,34.916238
-1.652210,34.917058
-1.652316,34.917878
-1.652422,34.918698
-1.652528,34.919518
-1.652634,34.920337
-1.652740,34.921157
-1.652846,34.921977
-1.652952,34.922796
-1.653058,34.923616
-1.653164,34.924435
-1.653269,34.925254
-1.653375,34.926073
-1.653481,34.926892
-1.653587,34.927711
-1.653693,34.928530
-1.653799,34.929349
-1.653905,34.930168
-1.654011,34.930987
-1.654117,34.931805
-1.654222,34.932624
-1.654328,34.933442
-1.654434,34.934260
-1.654540,34.935079
-1.654646,34.935897
-1.654752,34.936715
-1.654858,34.937533
-1.654963,34.938351
-1.655069,34.939169
-1.655175,34.939986
-1.655281,34.940804
-1.655387,34.941622
-1.655493,34.942439
-1.655598,34.943256
-1.655704,34.944074
-1.655810,34.944891
-1.655916,34.945708
-1.656022,34.946525
-1.656128,34.947342
-1.656233,34.948159
-1.656339,34.948976
-1.656445,34.949793
-1.656551,34.950609
-1.656657,34.951426
-1.656763,34.952242
-1.656868,34.953059
-1.656974,34.953875
-1.657080,34.954691
-1.657186,34.955507
-1.657291,34.956323
-1.657397,34.957139
-1.657503,34.957955
-1.657609,34.958771
-1.657715,34.959587
-1.657820,34.960402
-1.657926,34.961218
-1.658032,34.962033
-1.658138,34.962849
-1.658243,34.963664
-1.658349,34.964479
-1.658455,34.965295
-1.658561,34.966110
-1.658666,34.966925
-1.658772,34.967739
-1.658878,34.968554
-1.658984,34.969369
-1.659089,34.970184
-1.659195,34.970998
-1.659301,34.971813
-1.659407,34.972627
-1.659512,34.973441
-1.659618,34.974255
-1.659724,34.975070
-1.659830,34.975884
-1.659935,34.976698
-1.660041,34.977511
-1.660147,34.978325
-1.660252,34.979139
-1.660358,34.979953
-1.660464,34.980766
-1.660569,34.981580
-1.660675,34.982393
-1.660781,34.983206
-1.660887,34.984019
-1.660992,34.984833
-1.661098,34.985646
-1.661204,34.986459
-1.661309,34.987271
-1.661415,34.988084
-1.661521,34.988897
-1.661626,34.989709
-1.661732,34.990522
-1.661838,34.991334
-1.661943,34.992147
-1.662049,34.992959
-1.662155,34.993771
-1.662260,34.994583
-1.662366,34.995395
-1.662472,34.996207
-1.662577,34.997019
-1.662683,34.997831
-1.662788,34.998643
-1.662894,34.999454
-1.663000,35.000266
-1.663105,35.001077
-1.663211,35.001889
-1.663317,35.002700
-1.663422,35.003511
-1.663528,35.004322
-1.663633,35.005133
-1.663739,35.005944
-1.663845,35.006755
-1.663950,35.007566
-1.664056,35.008376
-1.664161,35.009187
-1.664267,35.009998
-1.664373,35.010808
-1.664478,35.011618
-1.664584,35.012429
-1.664689,35.013239
-1.664795,35.014049
-1.664901,35.014859
-1.665006,35.015669
-1.665112,35.016479
-1.665217,35.017288
-1.665323,35.018098
-1.665428,35.018908
-1.665534,35.019717
-1.665639,35.020527
-1.665745,35.021336
-1.665851,35.022145
-1.665956,35.022954
-1.666062,35.023763
-1.666167,35.024572
-1.666273,35.025381
-1.666378,35.026190
-1.666484,35.026999
-1.666589,35.027808
-1.666695,35.028616
-1.666800,35.029425
-1.666906,35.030233
-1.667011,35.031041
-1.667117,35.031850
-1.667222,35.032658
-1.667328,35.033466
-1.667433,35.034274
-1.667539,35.035082
-1.667644,35.035889
-1.667750,35.036697
-1.667855,35.037505
-1.667961,35.038312
-1.668066,35.039120
-1.668172,35.039927
-1.668277,35.040735
-1.668383,35.041542
-1.668488,35.042349
-1.668594,35.043156
-1.668699,35.043963
-1.668805,35.044770
-1.668910,35.045577
-1.669016,35.046383
-1.669121,35.047190
-1.669227,35.047997
-1.669332,35.048803
-1.669437,35.049610
-1.669543,35.050416
-1.669648,35.051222
-1.669754,35.052028
-1.669859,35.052834
-1.669965,35.053640
-1.670070,35.054446
-1.670175,35.055252
-1.670281,35.056058
-1.670386,35.056863
-1.670492,35.057669
-1.670597,35.058474
-1.670702,35.059280
-1.670808,35.060085
-1.670913,35.060890
-1.671019,35.061695
-1.671124,35.062500
-1.671229,35.063305
-1.671335,35.064110
-1.671440,35.064915
-1.671546,35.065720
-1.671651,35.066524
-1.671756,35.067329
-1.671862,35.068133
-1.671967,35.068938
-1.672073,35.069742
-1.672178,35.070546
-1.672283,35.071350
-1.672389,35.072154
-1.672494,35.072958
-1.672599,35.073762
-1.672705,35.074566
-1.672810,35.075370
-1.672915,35.076173
-1.673021,35.076977
-1.673126,35.077780
-1.673231,35.078583
-1.673337,35.079387
-1.673442,35.080190
-1.673547,35.080993
-1.673653,35.081796
-1.673758,35.082599
-1.673863,35.083402
-1.673969,35.084205
-1.674074,35.085007
-1.674179,35.085810
-1.674284,35.086612
-1.674390,35.087415
-1.674495,35.088217
-1.674600,35.089019
-1.674706,35.089822
-1.674811,35.090624
-1.674916,35.091426
-1.675022,35.092228
-1.675127,35.093029
-1.675232,35.093831
-1.675337,35.094633
-1.675443,35.095434
-1.675548,35.096236
-1.675653,35.097037
-1.675758,35.097839
-1.675864,35.098640
-1.675969,35.099441
-1.676074,35.100242
-1.676179,35.101043
-1.676285,35.101844
-1.676390,35.102645
-1.676495,35.103446
-1.676600,35.104246
-1.676706,35.105047
-1.676811,35.105847
-1.676916,35.106648
-1.677021,35.107448
-1.677126,35.108248
-1.677232,35.109049
-1.677337,35.109849
-1.677442,35.110649
-1.677547,35.111448
-1.677652,35.112248
-1.677758,35.113048
-1.677863,35.113848
-1.677968,35.114647
-1.678073,35.115447
-1.678178,35.116246
-1.678284,35.117045
-1.678389,35.117845
-1.678494,35.118644
-1.678599,35.119443
-1.678704,35.120242
-1.678809,35.121041
-1.678915,35.121839
-1.679020,35.122638
-1.679125,35.123437
-1.679230,35.124235
-1.679335,35.125034
-1.679440,35.125832
-1.679546,35.126631
-1.679651,35.127429
-1.679756,35.128227
-1.679861,35.129025
-1.679966,35.129823
-1.680071,35.130621
-1.680176,35.131419
-1.680281,35.132216
-1.680387,35.133014
-1.680492,35.133811
-1.680597,35.134609
-1.680702,35.135406
-1.680807,35.136203
-1.680912,35.137001
-1.681017,35.137798
-1.681122,35.138595
-1.681227,35.139392
-1.681332,35.140189
-1.681438,35.140985
-1.681543,35.141782
-1.681648,35.142579
-1.681753,35.143375
-1.681858,35.144172
-1.681963,35.144968
-1.682068,35.145764
-1.682173,35.146560
-1.682278,35.147357
-1.682383,35.148153
-1.682488,35.148949
-1.682593,35.149744
-1.682698,35.150540
-1.682803,35.151336
-1.682908,35.152131
-1.683013,35.152927
-1.683118,35.153722
-1.683224,35.154518
-1.683329,35.155313
-1.683434,35.156108
-1.683539,35.156903
-1.683644,35.157698
-1.683749,35.158493
-1.683854,35.159288
-1.683959,35.160083
-1.684064,35.160877
-1.684169,35.161672
-1.684274,35.162466
-1.684379,35.163261
-1.684484,35.164055
-1.684589,35.164849
-1.684694,35.165644
-1.684799,35.166438
-1.684904,35.167232
-1.685009,35.168026
-1.685114,35.168819
-1.685218,35.169613
-1.685323,35.170407
-1.685428,35.171200
-1.685533,35.171994
-1.685638,35.172787
-1.685743,35.173581
-1.685848,35.174374
-1.685953,35.175167
-1.686058,35.175960
-1.686163,35.176753
-1.686268,35.177546
-1.686373,35.178339
-1.686478,35.179131
-1.686583,35.179924
-1.686688,35.180717
-1.686793,35.181509
-1.686898,35.182301
-1.687002,35.183094
-1.687107,35.183886
-1.687212,35.184678
-1.687317,35.185470
-1.687422,35.186262
-1.687527,35.187054
-1.687632,35.187846
-1.687737,35.188637
-1.687842,35.189429
-1.687947,35.190221
-1.688051,35.191012
-1.688156,35.191803
-1.688261,35.192595
-1.688366,35.193386
-1.688471,35.194177
-1.688576,35.194968
-1.688681,35.195759
-1.688785,35.196550
-1.688890,35.197341
-1.688995,35.198131
-1.689100,35.198922
-1.689205,35.199712
-1.689310,35.200503
-1.689415,35.201293
-1.689519,35.202083
-1.689624,35.202874
-1.689729,35.203664
-1.689834,35.204454
-1.689939,35.205244
-1.690043,35.206034
-1.690148,35.206823
-1.690253,35.207613
-1.690358,35.208403
-1.690463,35.209192
-1.690568,35.209981
-1.690672,35.210771
-1.690777,35.211560
-1.690882,35.212349
-1.690987,35.213138
-1.691091,35.213927
-1.691196,35.214716
-1.691301,35.215505
-1.691406,35.216294
-1.691511,35.217082
-1.691615,35.217871
-1.691720,35.218660
-1.691825,35.219448
-1.691930,35.220236
-1.692034,35.221025
-1.692139,35.221813
-1.692244,35.222601
-1.692349,35.223389
-1.692453,35.224177
-1.692558,35.224964
-1.692663,35.225752
-1.692768,35.226540
-1.692872,35.227327
-1.692977,35.228115
-1.693082,35.228902
-1.693186,35.229690
-1.693291,35.230477
-1.693396,35.231264
-1.693501,35.232051
-1.693605,35.232838
-1.693710,35.233625
-1.693815,35.234412
-1.693919,35.235198
-1.694024,35.235985
-1.694129,35.236771
-1.694233,35.237558
-1.694338,35.238344
-1.694443,35.239131
-1.694547,35.239917
-1.694652,35.240703
-1.694757,35.241489
-1.694861,35.242275
-1.694966,35.243061
-1.695071,35.243847
-1.695175,35.244632
-1.695280,35.245418
-1.695385,35.246203
-1.695489,35.246989
-1.695594,35.247774
-1.695699,35.248559
-1.695803,35.249345
-1.695908,35.250130
-1.696013,35.250915
-1.696117,35.251700
-1.696222,35.252485
-1.696326,35.253269
-1.696431,35.254054
-1.696536,35.254839
-1.696640,35.255623
-1.696745,35.256408
-1.696849,35.257192
-1.696954,35.257976
-1.697059,35.258760
-1.697163,35.259544
-1.697268,35.260328
-1.697372,35.261112
-1.697477,35.261896
-1.697581,35.262680
-1.697686,35.263464
-1.697791,35.264247
-1.697895,35.265031
-1.698000,35.265814
-1.698104,35.266597
-1.698209,35.267381
-1.698313,35.268164
-1.698418,35.268947
-1.698522,35.269730
-1.698627,35.270513
-1.698732,35.271295
-1.698836,35.272078
-1.698941,35.272861
-1.699045,35.273643
-1.699150,35.274426
-1.699254,35.275208
-1.699359,35.275991
-1.699463,35.276773
-1.699568,35.277555
-1.699672,35.278337
-1.699777,35.279119
-1.699881,35.279901
-1.699986,35.280683
-1.700090,35.281464
-1.700195,35.282246
-1.700299,35.283028
-1.700404,35.283809
-1.700508,35.284590
-1.700613,35.285372
-1.700717,35.286153
-1.700822,35.286934
-1.700926,35.287715
-1.701031,35.288496
-1.701135,35.289277
-1.701239,35.290058
-1.701344,35.290838
-1.701448,35.291619
-1.701553,35.292399
-1.701657,35.293180
-1.701762,35.293960
-1.701866,35.294740
-1.701970,35.295521
-1.702075,35.296301
-1.702179,35.297081
-1.702284,35.297861
-1.702388,35.298641
-1.702493,35.299420
-1.702597,35.300200
-1.702701,35.300980
-1.702806,35.301759
-1.702910,35.302539
-1.703015,35.303318
-1.703119,35.304097
-1.703223,35.304876
-1.703328,35.305655
-1.703432,35.306434
-1.703537,35.307213
-1.703641,35.307992
-1.703745,35.308771
-1.703850,35.309549
-1.703954,35.310328
-1.704058,35.311107
-1.704163,35.311885
-1.704267,35.312663
-1.704371,35.313441
-1.704476,35.314220
-1.704580,35.314998
-1.704684,35.315776
-1.704789,35.316554
-1.704893,35.317331
-1.704997,35.318109
-1.705102,35.318887
-1.705206,35.319664
-1.705310,35.320442
-1.705415,35.321219
-1.705519,35.321996
-1.705623,35.322774
-1.705728,35.323551
-1.705832,35.324328
-1.705936,35.325105
-1.706041,35.325882
-1.706145,35.326658
-1.706249,35.327435
-1.706353,35.328212
-1.706458,35.328988
-1.706562,35.329765
-1.706666,35.330541
-1.706770,35.331317
-1.706875,35.332094
-1.706979,35.332870
-1.707083,35.333646
-1.707188,35.334422
-1.707292,35.335197
-1.707396,35.335973
-1.707500,35.336749
-1.707604,35.337525
-1.707709,35.338300
-1.707813,35.339075
-1.707917,35.339851
-1.708021,35.340626
-1.708126,35.341401
-1.708230,35.342176
-1.708334,35.342951
-1.708438,35.343726
-1.708542,35.344501
-1.708647,35.345276
-1.708751,35.346051
-1.708855,35.346825
-1.708959,35.347600
-1.709063,35.348374
-1.709168,35.349148
-1.709272,35.349923
-1.709376,35.350697
-1.709480,35.351471
-1.709584,35.352245
-1.709689,35.353019
-1.709793,35.353792
-1.709897,35.354566
-1.710001,35.355340
-1.710105,35.356113
-1.710209,35.356887
-1.710313,35.357660
-1.710418,35.358434
-1.710522,35.359207
-1.710626,35.359980
-1.710730,35.360753
-1.710834,35.361526
-1.710938,35.362299
-1.711042,35.363072
-1.711147,35.363844
-1.711251,35.364617
-1.711355,35.365389
-1.711459,35.366162
-1.711563,35.366934
-1.711667,35.367707
-1.711771,35.368479
-1.711875,35.369251
-1.711979,35.370023
-1.712083,35.370795
-1.712188,35.371567
-1.712292,35.372338
-1.712396,35.373110
-1.712500,35.373882
-1.712604,35.374653
-1.712708,35.375425
-1.712812,35.376196
-1.712916,35.376967
-1.713020,35.377738
-1.713124,35.378510
-1.713228,35.379281
-1.713332,35.380052
-1.713436,35.380822
-1.713540,35.381593
-1.713644,35.382364
-1.713748,35.383134
-1.713852,35.383905
-1.713956,35.384675
-1.714060,35.385446
-1.714164,35.386216
-1.714268,35.386986
-1.714372,35.387756
-1.714476,35.388526
-1.714580,35.389296
-1.714684,35.390066
-1.714788,35.390835
-1.714892,35.391605
-1.714996,35.392375
-1.715100,35.393144
-1.715204,35.393914
-1.715308,35.394683
-1.715412,35.395452
-1.715516,35.396221
-1.715620,35.396990
-1.715724,35.397759
-1.715828,35.398528
-1.715932,35.399297
-1.716036,35.400066
-1.716140,35.400834
-1.716244,35.401603
-1.716348,35.402371
-1.716452,35.403140
-1.716556,35.403908
-1.716660,35.404676
-1.716764,35.405444
-1.716868,35.406212
-1.716971,35.406980
-1.717075,35.407748
-1.717179,35.408516
-1.717283,35.409283
-1.717387,35.410051
-1.717491,35.410819
-1.717595,35.411586
-1.717699,35.412353
-1.717803,35.413121
-1.717906,35.413888
-1.718010,35.414655
-1.718114,35.415422
-1.718218,35.416189
-1.718322,35.416956
-1.718426,35.417722
-1.718530,35.418489
-1.718634,35.419256
-1.718737,35.420022
-1.718841,35.420788
-1.718945,35.421555
-1.719049,35.422321
-1.719153,35.423087
-1.719257,35.423853
-1.719360,35.424619
-1.719464,35.425385
-1.719568,35.426151
-1.719672,35.426917
-1.719776,35.427682
-1.719880,35.428448
-1.719983,35.429213
-1.720087,35.429979
-1.720191,35.430744
-1.720295,35.431509
-1.720399,35.432274
-1.720502,35.433039
-1.720606,35.433804
-1.720710,35.434569
-1.720814,35.435334
-1.720917,35.436099
-1.721021,35.436863
-1.721125,35.437628
-1.721229,35.438392
-1.721333,35.439157
-1.721436,35.439921
-1.721540,35.440685
-1.721644,35.441449
-1.721748,35.442213
-1.721851,35.442977
-1.721955,35.443741
-1.722059,35.444505
-1.722162,35.445268
-1.722266,35.446032
-1.722370,35.446796
-1.722474,35.447559
-1.722577,35.448322
-1.722681,35.449086
-1.722785,35.449849
-1.722889,35.450612
-1.722992,35.451375
-1.723096,35.452138
-1.723200,35.452901
-1.723303,35.453663
-1.723407,35.454426
-1.723511,35.455189
-1.723614,35.455951
-1.723718,35.456713
-1.723822,35.457476
-1.723925,35.458238
-1.724029,35.459000
-1.724133,35.459762
-1.724236,35.460524
-1.724340,35.461286
-1.724444,35.462048
-1.724547,35.462810
-1.724651,35.463571
-1.724755,35.464333
-1.724858,35.465094
-1.724962,35.465856
-1.725065,35.466617
-1.725169,35.467378
-1.725273,35.468139
-1.725376,35.468900
-1.725480,35.469661
-1.725584,35.470422
-1.725687,35.471183
-1.725791,35.471943
-1.725894,35.472704
-1.725998,35.473465
-1.726101,35.474225
-1.726205,35.474985
-1.726309,35.475746
-1.726412,35.476506
-1.726516,35.477266
-1.726619,35.478026
-1.726723,35.478786
-1.726826,35.479546
-1.726930,35.480305
-1.727034,35.481065
-1.727137,35.481825
-1.727241,35.482584
-1.727344,35.483344
-1.727448,35.484103
-1.727551,35.484862
-1.727655,35.485621
-1.727758,35.486380
-1.727862,35.487139
-1.727965,35.487898
-1.728069,35.488657
-1.728172,35.489416
-1.728276,35.490174
-1.728379,35.490933
-1.728483,35.491691
-1.728586,35.492450
-1.728690,35.493208
-1.728793,35.493966
-1.728897,35.494724
-1.729000,35.495482
-1.729104,35.496240
-1.729207,35.496998
-1.729311,35.497756
-1.729414,35.498514
-1.729518,35.499271
-1.729621,35.500029
-1.729725,35.500786
-1.729828,35.501544
-1.729932,35.502301
-1.730035,35.503058
-1.730138,35.503815
-1.730242,35.504572
-1.730345,35.505329
-1.730449,35.506086
-1.730552,35.506843
-1.730656,35.507600
-1.730759,35.508356
-1.730862,35.509113
-1.730966,35.509869
-1.731069,35.510625
-1.731173,35.511382
-1.731276,35.512138
-1.731379,35.512894
-1.731483,35.513650
-1.731586,35.514406
-1.731690,35.515162
-1.731793,35.515917
-1.731896,35.516673
-1.732000,35.517429
-1.732103,35.518184
-1.732206,35.518939
-1.732310,35.519695
-1.732413,35.520450
-1.732516,35.521205
-1.732620,35.521960
-1.732723,35.522715
-1.732827,35.523470
-1.732930,35.524225
-1.733033,35.524979
-1.733137,35.525734
-1.733240,35.526489
-1.733343,35.527243
-1.733446,35.527997
-1.733550,35.528752
-1.733653,35.529506
-1.733756,35.530260
-1.733860,35.531014
-1.733963,35.531768
-1.734066,35.532522
-1.734170,35.533276
-1.734273,35.534029
-1.734376,35.534783
-1.734479,35.535536
-1.734583,35.536290
-1.734686,35.537043
-1.734789,35.537796
-1.734892,35.538550
-1.734996,35.539303
-1.735099,35.540056
-1.735202,35.540809
-1.735305,35.541561
-1.735409,35.542314
-1.735512,35.543067
-1.735615,35.543819
-1.735718,35.544572
-1.735822,35.545324
-1.735925,35.546077
-1.736028,35.546829
-1.736131,35.547581
-1.736235,35.548333
-1.736338,35.549085
-1.736441,35.549837
-1.736544,35.550589
-1.736647,35.551340
-1.736751,35.552092
-1.736854,35.552843
-1.736957,35.553595
-1.737060,35.554346
-1.737163,35.555098
-1.737266,35.555849
-1.737370,35.556600
-1.737473,35.557351
-1.737576,35.558102
-1.737679,35.558853
-1.737782,35.559603
-1.737885,35.560354
-1.737988,35.561105
-1.738092,35.561855
-1.738195,35.562606
-1.738298,35.563356
-1.738401,35.564106
-1.738504,35.564856
-1.738607,35.565607
-1.738710,35.566357
-1.738814,35.567106
-1.738917,35.567856
-1.739020,35.568606
-1.739123,35.569356
-1.739226,35.570105
-1.739329,35.570855
-1.739432,35.571604
-1.739535,35.572353
-1.739638,35.573103
-1.739741,35.573852
-1.739844,35.574601
-1.739947,35.575350
-1.740051,35.576099
-1.740154,35.576848
-1.740257,35.577596
-1.740360,35.578345
-1.740463,35.579093
-1.740566,35.579842
-1.740669,35.580590
-1.740772,35.581339
-1.740875,35.582087
-1.740978,35.582835
-1.741081,35.583583
-1.741184,35.584331
-1.741287,35.585079
-1.741390,35.585826
-1.741493,35.586574
-1.741596,35.587322
-1.741699,35.588069
-1.741802,35.588817
-1.741905,35.589564
-1.742008,35.590311
-1.742111,35.591058
-1.742214,35.591806
-1.742317,35.592553
-1.742420,35.593299
-1.742523,35.594046
-1.742626,35.594793
-1.742729,35.595540
-1.742832,35.596286
-1.742935,35.597033
-1.743038,35.597779
-1.743141,35.598525
-1.743244,35.599272
-1.743346,35.600018
-1.743449,35.600764
-1.743552,35.601510
-1.743655,35.602256
-1.743758,35.603001
-1.743861,35.603747
-1.743964,35.604493
-1.744067,35.605238
-1.744170,35.605984
-1.744273,35.606729
-1.744376,35.607474
-1.744479,35.608220
-1.744581,35.608965
-1.744684,35.609710
-1.744787,35.610455
-1.744890,35.611200
-1.744993,35.611944
-1.745096,35.612689
-1.745199,35.613434
-1.745302,35.614178
-1.745404,35.614923
-1.745507,35.615667
-1.745610,35.616411
-1.745713,35.617155
-1.745816,35.617899
-1.745919,35.618643
-1.746021,35.619387
-1.746124,35.620131
-1.746227,35.620875
-1.746330,35.621619
-1.746433,35.622362
-1.746536,35.623106
-1.746638,35.623849
-1.746741,35.624592
-1.746844,35.625335
-1.746947,35.626079
-1.747050,35.626822
-1.747152,35.627565
-1.747255,35.628308
-1.747358,35.629050
-1.747461,35.629793
-1.747563,35.630536
-1.747666,35.631278
-1.747769,35.632021
-1.747872,35.632763
-1.747974,35.633505
-1.748077,35.634247
-1.748180,35.634990
-1.748283,35.635732
-1.748385,35.636474
-1.748488,35.637215
-1.748591,35.637957
-1.748694,35.638699
-1.748796,35.639440
-1.748899,35.640182
-1.749002,35.640923
-1.749105,35.641665
-1.749207,35.642406
-1.749310,35.643147
-1.749413,35.643888
-1.749515,35.644629
-1.749618,35.645370
-1.749721,35.646111
-1.749823,35.646852
-1.749926,35.647592
-1.750029,35.648333
-1.750131,35.649073
-1.750234,35.649814
-1.750337,35.650554
-1.750439,35.651294
-1.750542,35.652034
-1.750645,35.652774
-1.750747,35.653514
-1.750850,35.654254
-1.750953,35.654994
-1.751055,35.655734
-1.751158,35.656473
-1.751260,35.657213
-1.751363,35.657952
-1.751466,35.658692
-1.751568,35.659431
-1.751671,35.660170
-1.751774,35.660909
-1.751876,35.661648
-1.751979,35.662387
-1.752081,35.663126
-1.752184,35.663865
-1.752286,35.664603
-1.752389,35.665342
-1.752492,35.666080
-1.752594,35.666819
-1.752697,35.667557
-1.752799,35.668295
-1.752902,35.669033
-1.753004,35.669772
-1.753107,35.670510
-1.753210,35.671247
-1.753312,35.671985
-1.753415,35.672723
-1.753517,35.673461
-1.753620,35.674198
-1.753722,35.674936
-1.753825,35.675673
-1.753927,35.676410
-1.754030,35.677147
-1.754132,35.677885
-1.754235,35.678622
-1.754337,35.679359
-1.754440,35.680095
-1.754542,35.680832
-1.754645,35.681569
-1.754747,35.682305
-1.754850,35.683042
-1.754952,35.683778
-1.755055,35.684515
-1.755157,35.685251
-1.755260,35.685987
-1.755362,35.686723
-1.755464,35.687459
-1.755567,35.688195
-1.755669,35.688931
-1.755772,35.689667
-1.755874,35.690402
-1.755977,35.691138
-1.756079,35.691873
-1.756182,35.692609
-1.756284,35.693344
-1.756386,35.694079
-1.756489,35.694815
-1.756591,35.695550
-1.756694,35.696285
-1.756796,35.697019
-1.756898,35.697754
-1.757001,35.698489
-1.757103,35.699224
-1.757206,35.699958
-1.757308,35.700693
-1.757410,35.701427
-1.757513,35.702161
-1.757615,35.702895
-1.757717,35.703629
-1.757820,35.704363
-1.757922,35.705097
-1.758024,35.705831
-1.758127,35.706565
-1.758229,35.707299
-1.758331,35.708032
-1.758434,35.708766
-1.758536,35.709499
-1.758638,35.710233
-1.758741,35.710966
-1.758843,35.711699
-1.758945,35.712432
-1.759048,35.713165
-1.759150,35.713898
-1.759252,35.714631
-1.759355,35.715363
-1.759457,35.716096
-1.759559,35.716829
-1.759661,35.717561
-1.759764,35.718293
-1.759866,35.719026
-1.759968,35.719758
-1.760070,35.720490
-1.760173,35.721222
-1.760275,35.721954
-1.760377,35.722686
-1.760479,35.723418
-1.760582,35.724149
-1.760684,35.724881
-1.760786,35.725613
-1.760888,35.726344
-1.760991,35.727075
-1.761093,35.727807
-1.761195,35.728538
-1.761297,35.729269
-1.761400,35.730000
-1.761502,35.730731
-1.761604,35.731462
-1.761706,35.732192
-1.761808,35.732923
-1.761910,35.733654
-1.762013,35.734384
-1.762115,35.735114
-1.762217,35.735845
-1.762319,35.736575
-1.762421,35.737305
-1.762524,35.738035
-1.762626,35.738765
-1.762728,35.739495
-1.762830,35.740225
-1.762932,35.740955
-1.763034,35.741684
-1.763136,35.742414
-1.763239,35.743143
-1.763341,35.743873
-1.763443,35.744602
-1.763545,35.745331
-1.763647,35.746060
-1.763749,35.746789
-1.763851,35.747518
-1.763953,35.748247
-1.764055,35.748976
-1.764158,35.749704
-1.764260,35.750433
-1.764362,35.751161
-1.764464,35.751890
-1.764566,35.752618
-1.764668,35.753346
-1.764770,35.754075
-1.764872,35.754803
-1.764974,35.755531
-1.765076,35.756258
-1.765178,35.756986
-1.765280,35.757714
-1.765382,35.758442
-1.765484,35.759169
-1.765586,35.759897
-1.765688,35.760624
-1.765790,35.761351
-1.765892,35.762079
-1.765994,35.762806
-1.766096,35.763533
-1.766198,35.764260
-1.766300,35.764987
-1.766402,35.765713
-1.766504,35.766440
-1.766606,35.767167
-1.766708,35.767893
-1.766810,35.768620
-1.766912,35.769346
-1.767014,35.770072
-1.767116,35.770798
-1.767218,35.771524
-1.767320,35.772250
-1.767422,35.772976
-1.767524,35.773702
-1.767626,35.774428
-1.767728,35.775153
-1.767830,35.775879
-1.767932,35.776605
-1.768034,35.777330
-1.768136,35.778055
-1.768238,35.778780
-1.768340,35.779506
-1.768441,35.780231
-1.768543,35.780956
-1.768645,35.781680
-1.768747,35.782405
-1.768849,35.783130
-1.768951,35.783855
-1.769053,35.784579
-1.769155,35.785304
-1.769257,35.786028
-1.769358,35.786752
-1.769460,35.787476
-1.769562,35.788200
-1.769664,35.788924
-1.769766,35.789648
-1.769868,35.790372
-1.769970,35.791096
-1.770071,35.791820
-1.770173,35.792543
-1.770275,35.793267
-1.770377,35.793990
-1.770479,35.794713
-1.770581,35.795437
-1.770682,35.796160
-1.770784,35.796883
-1.770886,35.797606
-1.770988,35.798329
-1.771090,35.799051
-1.771191,35.799774
-1.771293,35.800497
-1.771395,35.801219
-1.771497,35.801942
-1.771599,35.802664
-1.771700,35.803386
-1.771802,35.804109
-1.771904,35.804831
-1.772006,35.805553
-1.772107,35.806275
-1.772209,35.806997
-1.772311,35.807718
-1.772413,35.808440
-1.772514,35.809162
-1.772616,35.809883
-1.772718,35.810604
-1.772819,35.811326
-1.772921,35.812047
-1.773023,35.812768
-1.773125,35.813489
-1.773226,35.814210
-1.773328,35.814931
-1.773430,35.815652
-1.773531,35.816373
-1.773633,35.817093
-1.773735,35.817814
-1.773836,35.818534
-1.773938,35.819255
-1.774040,35.819975
-1.774141,35.820695
-1.774243,35.821415
-1.774345,35.822135
-1.774446,35.822855
-1.774548,35.823575
-1.774650,35.824295
-1.774751,35.825015
-1.774853,35.825734
-1.774955,35.826454
-1.775056,35.827173
-1.775158,35.827892
-1.775259,35.828612
-1.775361,35.829331
-1.775463,35.830050
-1.775564,35.830769
-1.775666,35.831488
-1.775767,35.832207
-1.775869,35.832925
-1.775971,35.833644
-1.776072,35.834363
-1.776174,35.835081
-1.776275,35.835799
-1.776377,35.836518
-1.776478,35.837236
-1.776580,35.837954
-1.776682,35.838672
-1.776783,35.839390
-1.776885,35.840108
-1.776986,35.840826
-1.777088,35.841543
-1.777189,35.842261
-1.777291,35.842979
-1.777392,35.843696
-1.777494,35.844413
-1.777595,35.845131
-1.777697,35.845848
-1.777798,35.846565
-1.777900,35.847282
-1.778001,35.847999
-1.778103,35.848716
-1.778204,35.849432
-1.778306,35.850149
-1.778407,35.850866
-1.778509,35.851582
-1.778610,35.852298
-1.778712,35.853015
-1.778813,35.853731
-1.778915,35.854447
-1.779016,35.855163
-1.779118,35.855879
-1.779219,35.856595
-1.779320,35.857311
-1.779422,35.858026
-1.779523,35.858742
-1.779625,35.859458
-1.779726,35.860173
-1.779827,35.860888
-1.779929,35.861604
-1.780030,35.862319
-1.780132,35.863034
-1.780233,35.863749
-1.780334,35.864464
-1.780436,35.865179
-1.780537,35.865893
-1.780639,35.866608
-1.780740,35.867323
-1.780841,35.868037
-1.780943,35.868751
-1.781044,35.869466
-1.781145,35.870180
-1.781247,35.870894
-1.781348,35.871608
-1.781449,35.872322
-1.781551,35.873036
-1.781652,35.873750
-1.781753,35.874464
-1.781855,35.875177
-1.781956,35.875891
-1.782057,35.876604
-1.782159,35.877317
-1.782260,35.878031
-1.782361,35.878744
-1.782463,35.879457
-1.782564,35.880170
-1.782665,35.880883
-1.782766,35.881596
-1.782868,35.882309
-1.782969,35.883021
-1.783070,35.883734
-1.783172,35.884446
-1.783273,35.885159
-1.783374,35.885871
-1.783475,35.886583
-1.783577,35.887295
-1.783678,35.888007
-1.783779,35.888719
-1.783880,35.889431
-1.783981,35.890143
-1.784083,35.890855
-1.784184,35.891566
-1.784285,35.892278
-1.784386,35.892989
-1.784488,35.893701
-1.784589,35.894412
-1.784690,35.895123
-1.784791,35.895834
-1.784892,35.896545
-1.784993,35.897256
-1.785095,35.897967
-1.785196,35.898678
-1.785297,35.899388
-1.785398,35.900099
-1.785499,35.900810
-1.785600,35.901520
-1.785702,35.902230
-1.785803,35.902941
-1.785904,35.903651
-1.786005,35.904361
-1.786106,35.905071
-1.786207,35.905781
-1.786308,35.906490
-1.786409,35.907200
-1.786511,35.907910
-1.786612,35.908619
-1.786713,35.909329
-1.786814,35.910038
-1.786915,35.910747
-1.787016,35.911457
-1.787117,35.912166
-1.787218,35.912875
-1.787319,35.913584
-1.787420,35.914292
-1.787521,35.915001
-1.787622,35.915710
-1.787724,35.916418
-1.787825,35.917127
-1.787926,35.917835
-1.788027,35.918544
-1.788128,35.919252
-1.788229,35.919960
-1.788330,35.920668
-1.788431,35.921376
-1.788532,35.922084
-1.788633,35.922792
-1.788734,35.923499
-1.788835,35.924207
-1.788936,35.924915
-1.789037,35.925622
-1.789138,35.926329
-1.789239,35.927037
-1.789340,35.927744
-1.789441,35.928451
-1.789542,35.929158
-1.789643,35.929865
-1.789744,35.930572
-1.789845,35.931279
-1.789946,35.931985
-1.790047,35.932692
-1.790147,35.933398
-1.790248,35.934105
-1.790349,35.934811
-1.790450,35.935517
-1.790551,35.936223
-1.790652,35.936929
-1.790753,35.937635
-1.790854,35.938341
-1.790955,35.939047
-1.791056,35.939753
-1.791157,35.940458
-1.791258,35.941164
-1.791358,35.941869
-1.791459,35.942575
-1.791560,35.943280
-1.791661,35.943985
-1.791762,35.944690
-1.791863,35.945395
-1.791964,35.946100
-1.792064,35.946805
-1.792165,35.947510
-1.792266,35.948215
-1.792367,35.948919
-1.792468,35.949624
-1.792569,35.950328
-1.792669,35.951032
-1.792770,35.951737
-1.792871,35.952441
-1.792972,35.953145
-1.793073,35.953849
-1.793174,35.954553
-1.793274,35.955256
-1.793375,35.955960
-1.793476,35.956664
-1.793577,35.957367
-1.793677,35.958071
-1.793778,35.958774
-1.793879,35.959477
-1.793980,35.960181
-1.794081,35.960884
-1.794181,35.961587
-1.794282,35.962290
-1.794383,35.962992
-1.794484,35.963695
-1.794584,35.964398
-1.794685,35.965100
-1.794786,35.965803
-1.794886,35.966505
-1.794987,35.967208
-1.795088,35.967910
-1.795189,35.968612
-1.795289,35.969314
-1.795390,35.970016
-1.795491,35.970718
-1.795591,35.971420
-1.795692,35.972121
-1.795793,35.972823
-1.795893,35.973525
-1.795994,35.974226
-1.796095,35.974927
-1.796195,35.975629
-1.796296,35.976330
-1.796397,35.977031
-1.796497,35.977732
-1.796598,35.978433
-1.796699,35.979134
-1.796799,35.979834
-1.796900,35.980535
-1.797000,35.981236
-1.797101,35.981936
-1.797202,35.982637
-1.797302,35.983337
-1.797403,35.984037
-1.797503,35.984737
-1.797604,35.985437
-1.797705,35.986137
-1.797805,35.986837
-1.797906,35.987537
-1.798006,35.988237
-1.798107,35.988936
-1.798208,35.989636
-1.798308,35.990335
-1.798409,35.991035
-1.798509,35.991734
-1.798610,35.992433
-1.798710,35.993132
-1.798811,35.993831
-1.798911,35.994530
-1.799012,35.995229
-1.799112,35.995928
-1.799213,35.996626
-1.799313,35.997325
-1.799414,35.998023
-1.799514,35.998722
-1.799615,35.999420
-1.799715,36.000118
-1.799816,36.000816
-1.799916,36.001514
-1.800017,36.002212
-1.800117,36.002910
-1.800218,36.003608
-1.800318,36.004306
-1.800419,36.005003
-1.800519,36.005701
-1.800620,36.006398
-1.800720,36.007096
-1.800820,36.007793
-1.800921,36.008490
-1.801021,36.009187
-1.801122,36.009884
-1.801222,36.010581
-1.801323,36.011278
-1.801423,36.011975
-1.801523,36.012671
-1.801624,36.013368
-1.801724,36.014064
-1.801825,36.014761
-1.801925,36.015457
-1.802025,36.016153
-1.802126,36.016849
-1.802226,36.017545
-1.802326,36.018241
-1.802427,36.018937
-1.802527,36.019633
-1.802627,36.020329
-1.802728,36.021024
-1.802828,36.021720
-1.802928,36.022415
-1.803029,36.023110
-1.803129,36.023806
-1.803229,36.024501
-1.803330,36.025196
-1.803430,36.025891
-1.803530,36.026586
-1.803631,36.027281
-1.803731,36.027975
-1.803831,36.028670
-1.803932,36.029365
-1.804032,36.030059
-1.804132,36.030753
-1.804232,36.031448
-1.804333,36.032142
-1.804433,36.032836
-1.804533,36.033530
-1.804633,36.034224
-1.804734,36.034918
-1.804834,36.035612
-1.804934,36.036305
-1.805034,36.036999
-1.805135,36.037692
-1.805235,36.038386
-1.805335,36.039079
-1.805435,36.039772
-1.805535,36.040465
-1.805636,36.041159
-1.805736,36.041852
-1.805836,36.042544
-1.805936,36.043237
-1.806036,36.043930
-1.806137,36.044623
-1.806237,36.045315
-1.806337,36.046008
-1.806437,36.046700
-1.806537,36.047392
-1.806637,36.048084
-1.806738,36.048777
-1.806838,36.049469
-1.806938,36.050160
-1.807038,36.050852
-1.807138,36.051544
-1.807238,36.052236
-1.807338,36.052927
-1.807438,36.053619
-1.807539,36.054310
-1.807639,36.055002
-1.807739,36.055693
-1.807839,36.056384
-1.807939,36.057075
-1.808039,36.057766
-1.808139,36.058457
-1.808239,36.059148
-1.808339,36.059838
-1.808439,36.060529
-1.808539,36.061219
-1.808639,36.061910
-1.808740,36.062600
-1.808840,36.063291
-1.808940,36.063981
-1.809040,36.064671
-1.809140,36.065361
-1.809240,36.066051
-1.809340,36.066741
-1.809440,36.067430
-1.809540,36.068120
-1.809640,36.068810
-1.809740,36.069499
-1.809840,36.070188
-1.809940,36.070878
-1.810040,36.071567
-1.810140,36.072256
-1.810240,36.072945
-1.810340,36.073634
-1.810440,36.074323
-1.810540,36.075012
-1.810640,36.075700
-1.810739,36.076389
-1.810839,36.077078
-1.810939,36.077766
-1.811039,36.078454
-1.811139,36.079143
-1.811239,36.079831
-1.811339,36.080519
-1.811439,36.081207
-1.811539,36.081895
-1.811639,36.082582
-1.811739,36.083270
-1.811839,36.083958
-1.811938,36.084645
-1.812038,36.085333
-1.812138,36.086020
-1.812238,36.086708
-1.812338,36.087395
-1.812438,36.088082
-1.812538,36.088769
-1.812638,36.089456
-1.812737,36.090143
-1.812837,36.090829
-1.812937,36.091516
-1.813037,36.092203
-1.813137,36.092889
-1.813237,36.093576
-1.813336,36.094262
-1.813436,36.094948
-1.813536,36.095634
-1.813636,36.096320
-1.813736,36.097006
-1.813835,36.097692
-1.813935,36.098378
-1.814035,36.099064
-1.814135,36.099749
-1.814235,36.100435
-1.814334,36.101120
-1.814434,36.101806
-1.814534,36.102491
-1.814634,36.103176
-1.814733,36.103861
-1.814833,36.104546
-1.814933,36.105231
-1.815033,36.105916
-1.815132,36.106601
-1.815232,36.107286
-1.815332,36.107970
-1.815431,36.108655
-1.815531,36.109339
-1.815631,36.110023
-1.815731,36.110708
-1.815830,36.111392
-1.815930,36.112076
-1.816030,36.112760
-1.816129,36.113444
-1.816229,36.114127
-1.816329,36.114811
-1.816428,36.115495
-1.816528,36.116178
-1.816628,36.116862
-1.816727,36.117545
-1.816827,36.118228
-1.816926,36.118911
-1.817026,36.119594
-1.817126,36.120277
-1.817225,36.120960
-1.817325,36.121643
-1.817425,36.122326
-1.817524,36.123009
-1.817624,36.123691
-1.817723,36.124374
-1.817823,36.125056
-1.817923,36.125738
-1.818022,36.126421
-1.818122,36.127103
-1.818221,36.127785
-1.818321,36.128467
-1.818420,36.129148
-1.818520,36.129830
-1.818620,36.130512
-1.818719,36.131193
-1.818819,36.131875
-1.818918,36.132556
-1.819018,36.133238
-1.819117,36.133919
-1.819217,36.134600
-1.819316,36.135281
-1.819416,36.135962
-1.819515,36.136643
-1.819615,36.137324
-1.819714,36.138005
-1.819814,36.138685
-1.819913,36.139366
-1.820013,36.140046
-1.820112,36.140727
-1.820212,36.141407
-1.820311,36.142087
-1.820411,36.142767
-1.820510,36.143447
-1.820609,36.144127
-1.820709,36.144807
-1.820808,36.145487
-1.820908,36.146166
-1.821007,36.146846
-1.821107,36.147525
-1.821206,36.148205
-1.821305,36.148884
-1.821405,36.149563
-1.821504,36.150242
-1.821604,36.150921
-1.821703,36.151600
-1.821802,36.152279
-1.821902,36.152958
-1.822001,36.153637
-1.822101,36.154315
-1.822200,36.154994
-1.822299,36.155672
-1.822399,36.156351
-1.822498,36.157029
-1.822597,36.157707
-1.822697,36.158385
-1.822796,36.159063
-1.822895,36.159741
-1.822995,36.160419
-1.823094,36.161097
-1.823193,36.161774
-1.823293,36.162452
-1.823392,36.163129
-1.823491,36.163807
-1.823590,36.164484
-1.823690,36.165161
-1.823789,36.165838
-1.823888,36.166515
-1.823988,36.167192
-1.824087,36.167869
-1.824186,36.168546
-1.824285,36.169222
-1.824385,36.169899
-1.824484,36.170576
-1.824583,36.171252
-1.824682,36.171928
-1.824782,36.172604
-1.824881,36.173281
-1.824980,36.173957
-1.825079,36.174633
-1.825178,36.175309
-1.825278,36.175984
-1.825377,36.176660
-1.825476,36.177336
-1.825575,36.178011
-1.825674,36.178687
-1.825774,36.179362
-1.825873,36.180037
-1.825972,36.180712
-1.826071,36.181388
-1.826170,36.182063
-1.826269,36.182737
-1.826368,36.183412
-1.826468,36.184087
-1.826567,36.184762
-1.826666,36.185436
-1.826765,36.186111
-1.826864,36.186785
-1.826963,36.187459
-1.827062,36.188134
-1.827161,36.188808
-1.827261,36.189482
-1.827360,36.190156
-1.827459,36.190829
-1.827558,36.191503
-1.827657,36.192177
-1.827756,36.192851
-1.827855,36.193524
-1.827954,36.194197
-1.828053,36.194871
-1.828152,36.195544
-1.828251,36.196217
-1.828350,36.196890
-1.828449,36.197563
-1.828548,36.198236
-1.828647,36.198909
-1.828746,36.199582
-1.828845,36.200254
-1.828944,36.200927
-1.829043,36.201599
-1.829142,36.202272
-1.829241,36.202944
-1.829340,36.203616
-1.829439,36.204288
-1.829538,36.204960
-1.829637,36.205632
-1.829736,36.206304
-1.829835,36.206976
-1.829934,36.207647
-1.830033,36.208319
-1.830132,36.208990
-1.830231,36.209662
-1.830330,36.210333
-1.830429,36.211004
-1.830528,36.211675
-1.830627,36.212346
-1.830726,36.213017
-1.830824,36.213688
-1.830923,36.214359
-1.831022,36.215030
-1.831121,36.215700
-1.831220,36.216371
-1.831319,36.217041
-1.831418,36.217711
-1.831517,36.218382
-1.831616,36.219052
-1.831714,36.219722
-1.831813,36.220392
-1.831912,36.221062
-1.832011,36.221732
-1.832110,36.222401
-1.832209,36.223071
-1.832307,36.223741
-1.832406,36.224410
-1.832505,36.225079
-1.832604,36.225749
-1.832703,36.226418
-1.832802,36.227087
-1.832900,36.227756
-1.832999,36.228425
-1.833098,36.229094
-1.833197,36.229762
-1.833295,36.230431
-1.833394,36.231100
-1.833493,36.231768
-1.833592,36.232436
-1.833690,36.233105
-1.833789,36.233773
-1.833888,36.234441
-1.833987,36.235109
-1.834085,36.235777
-1.834184,36.236445
-1.834283,36.237113
-1.834382,36.237780
-1.834480,36.238448
-1.834579,36.239116
-1.834678,36.239783
-1.834776,36.240450
-1.834875,36.241118
-1.834974,36.241785
-1.835072,36.242452
-1.835171,36.243119
-1.835270,36.243786
-1.835368,36.244452
-1.835467,36.245119
-1.835566,36.245786
-1.835664,36.246452
-1.835763,36.247119
-1.835862,36.247785
-1.835960,36.248451
-1.836059,36.249118
-1.836157,36.249784
-1.836256,36.250450
-1.836355,36.251116
-1.836453,36.251781
-1.836552,36.252447
-1.836650,36.253113
-1.836749,36.253778
-1.836848,36.254444
-1.836946,36.255109
-1.837045,36.255775
-1.837143,36.256440
-1.837242,36.257105
-1.837340,36.257770
-1.837439,36.258435
-1.837538,36.259100
-1.837636,36.259765
-1.837735,36.260429
-1.837833,36.261094
-1.837932,36.261758
-1.838030,36.262423
-1.838129,36.263087
-1.838227,36.263751
-1.838326,36.264415
-1.838424,36.265080
-1.838523,36.265743
-1.838621,36.266407
-1.838720,36.267071
-1.838818,36.267735
-1.838917,36.268398
-1.839015,36.269062
-1.839113,36.269725
-1.839212,36.270389
-1.839310,36.271052
-1.839409,36.271715
-1.839507,36.272378
-1.839606,36.273041
-1.839704,36.273704
-1.839802,36.274367
-1.839901,36.275030
-1.839999,36.275693
-1.840098,36.276355
-1.840196,36.277018
-1.840294,36.277680
-1.840393,36.278342
-1.840491,36.279004
-1.840590,36.279667
-1.840688,36.280329
-1.840786,36.280991
-1.840885,36.281652
-1.840983,36.282314
-1.841081,36.282976
-1.841180,36.283637
-1.841278,36.284299
-1.841376,36.284960
-1.841475,36.285622
-1.841573,36.286283
-1.841671,36.286944
-1.841770,36.287605
-1.841868,36.288266
-1.841966,36.288927
-1.842065,36.289588
-1.842163,36.290248
-1.842261,36.290909
-1.842359,36.291570
-1.842458,36.292230
-1.842556,36.292890
-1.842654,36.293551
-1.842752,36.294211
-1.842851,36.294871
-1.842949,36.295531
-1.843047,36.296191
-1.843145,36.296851
-1.843244,36.297510
-1.843342,36.298170
-1.843440,36.298830
-1.843538,36.299489
-1.843636,36.300148
-1.843735,36.300808
-1.843833,36.301467
-1.843931,36.302126
-1.844029,36.302785
-1.844127,36.303444
-1.844225,36.304103
-1.844324,36.304761
-1.844422,36.305420
-1.844520,36.306079
-1.844618,36.306737
-1.844716,36.307396
-1.844814,36.308054
-1.844912,36.308712
-1.845011,36.309370
-1.845109,36.310028
-1.845207,36.310686
-1.845305,36.311344
-1.845403,36.312002
-1.845501,36.312660
-1.845599,36.313317
-1.845697,36.313975
-1.845795,36.314632
-1.845893,36.315290
-1.845992,36.315947
-1.846090,36.316604
-1.846188,36.317261
-1.846286,36.317918
-1.846384,36.318575
-1.846482,36.319232
-1.846580,36.319888
-1.846678,36.320545
-1.846776,36.321202
-1.846874,36.321858
-1.846972,36.322514
-1.847070,36.323171
-1.847168,36.323827
-1.847266,36.324483
-1.847364,36.325139
-1.847462,36.325795
-1.847560,36.326451
-1.847658,36.327106
-1.847756,36.327762
-1.847854,36.328418
-1.847952,36.329073
-1.848050,36.329729
-1.848148,36.330384
-1.848245,36.331039
-1.848343,36.331694
-1.848441,36.332349
-1.848539,36.333004
-1.848637,36.333659
-1.848735,36.334314
-1.848833,36.334968
-1.848931,36.335623
-1.849029,36.336278
-1.849127,36.336932
-1.849225,36.337586
-1.849322,36.338241
-1.849420,36.338895
-1.849518,36.339549
-1.849616,36.340203
-1.849714,36.340857
-1.849812,36.341510
-1.849910,36.342164
-1.850007,36.342818
-1.850105,36.343471
-1.850203,36.344125
-1.850301,36.344778
-1.850399,36.345431
-1.850496,36.346084
-1.850594,36.346737
-1.850692,36.347390
-1.850790,36.348043
-1.850888,36.348696
-1.850985,36.349349
-1.851083,36.350002
-1.851181,36.350654
-1.851279,36.351307
-1.851377,36.351959
-1.851474,36.352611
-1.851572,36.353263
-1.851670,36.353916
-1.851767,36.354568
-1.851865,36.355219
-1.851963,36.355871
-1.852061,36.356523
-1.852158,36.357175
-1.852256,36.357826
-1.852354,36.358478
-1.852451,36.359129
-1.852549,36.359780
-1.852647,36.360432
-1.852745,36.361083
-1.852842,36.361734
-1.852940,36.362385
-1.853038,36.363036
-1.853135,36.363686
-1.853233,36.364337
-1.853330,36.364988
-1.853428,36.365638
-1.853526,36.366289
-1.853623,36.366939
-1.853721,36.367589
-1.853819,36.368239
-1.853916,36.368889
-1.854014,36.369539
-1.854111,36.370189
-1.854209,36.370839
-1.854307,36.371489
-1.854404,36.372138
-1.854502,36.372788
-1.854599,36.373437
-1.854697,36.374087
-1.854794,36.374736
-1.854892,36.375385
-1.854990,36.376034
-1.855087,36.376683
-1.855185,36.377332
-1.855282,36.377981
-1.855380,36.378630
-1.855477,36.379278
-1.855575,36.379927
-1.855672,36.380575
-1.855770,36.381224
-1.855867,36.381872
-1.855965,36.382520
-1.856062,36.383168
-1.856160,36.383816
-1.856257,36.384464
-1.856355,36.385112
-1.856452,36.385760
-1.856549,36.386407
-1.856647,36.387055
-1.856744,36.387702
-1.856842,36.388350
-1.856939,36.388997
-1.857037,36.389644
-1.857134,36.390292
-1.857231,36.390939
-1.857329,36.391586
-1.857426,36.392232
-1.857524,36.392879
-1.857621,36.393526
-1.857718,36.394172
-1.857816,36.394819
-1.857913,36.395465
-1.858011,36.396112
-1.858108,36.396758
-1.858205,36.397404
-1.858303,36.398050
-1.858400,36.398696
-1.858497,36.399342
-1.858595,36.399988
-1.858692,36.400633
-1.858789,36.401279
-1.858887,36.401925
-1.858984,36.402570
-1.859081,36.403215
-1.859179,36.403861
-1.859276,36.404506
-1.859373,36.405151
-1.859470,36.405796
-1.859568,36.406441
-1.859665,36.407086
-1.859762,36.407730
-1.859859,36.408375
-1.859957,36.409019
-1.860054,36.409664
-1.860151,36.410308
-1.860248,36.410953
-1.860346,36.411597
-1.860443,36.412241
-1.860540,36.412885
-1.860637,36.413529
-1.860734,36.414173
-1.860832,36.414816
-1.860929,36.415460
-1.861026,36.416104
-1.861123,36.416747
-1.861220,36.417390
-1.861318,36.418034
-1.861415,36.418677
-1.861512,36.419320
-1.861609,36.419963
-1.861706,36.420606
-1.861803,36.421249
-1.861900,36.421892
-1.861998,36.422534
-1.862095,36.423177
-1.862192,36.423819
-1.862289,36.424462
-1.862386,36.425104
-1.862483,36.425746
-1.862580,36.426388
-1.862677,36.427031
-1.862774,36.427672
-1.862871,36.428314
-1.862969,36.428956
-1.863066,36.429598
-1.863163,36.430239
-1.863260,36.430881
-1.863357,36.431522
-1.863454,36.432164
-1.863551,36.432805
-1.863648,36.433446
-1.863745,36.434087
-1.863842,36.434728
-1.863939,36.435369
-1.864036,36.436010
-1.864133,36.436651
-1.864230,36.437291
-1.864327,36.437932
-1.864424,36.438572
-1.864521,36.439212
-1.864618,36.439853
-1.864715,36.440493
-1.864812,36.441133
-1.864909,36.441773
-1.865006,36.442413
-1.865103,36.443053
-1.865200,36.443692
-1.865296,36.444332
-1.865393,36.444972
-1.865490,36.445611
-1.865587,36.446250
-1.865684,36.446890
-1.865781,36.447529
-1.865878,36.448168
-1.865975,36.448807
-1.866072,36.449446
-1.866169,36.450085
-1.866265,36.450724
-1.866362,36.451362
-1.866459,36.452001
-1.866556,36.452639
-1.866653,36.453278
-1.866750,36.453916
-1.866846,36.454554
-1.866943,36.455192
-1.867040,36.455830
-1.867137,36.456468
-1.867234,36.457106
-1.867331,36.457744
-1.867427,36.458382
-1.867524,36.459019
-1.867621,36.459657
-1.867718,36.460294
-1.867814,36.460931
-1.867911,36.461569
-1.868008,36.462206
-1.868105,36.462843
-1.868201,36.463480
-1.868298,36.464117
-1.868395,36.464753
-1.868492,36.465390
-1.868588,36.466027
-1.868685,36.466663
-1.868782,36.467300
-1.868879,36.467936
-1.868975,36.468572
-1.869072,36.469208
-1.869169,36.469844
-1.869265,36.470480
-1.869362,36.471116
-1.869459,36.471752
-1.869555,36.472388
-1.869652,36.473023
-1.869749,36.473659
-1.869845,36.474294
-1.869942,36.474930
-1.870039,36.475565
-1.870135,36.476200
-1.870232,36.476835
-1.870328,36.477470
-1.870425,36.478105
-1.870522,36.478740
-1.870618,36.479375
-1.870715,36.480009
-1.870811,36.480644
-1.870908,36.481278
-1.871005,36.481913
-1.871101,36.482547
-1.871198,36.483181
-1.871294,36.483815
-1.871391,36.484449
-1.871487,36.485083
-1.871584,36.485717
-1.871680,36.486351
-1.871777,36.486984
-1.871874,36.487618
-1.871970,36.488251
-1.872067,36.488885
-1.872163,36.489518
-1.872260,36.490151
-1.872356,36.490784
-1.872452,36.491417
-1.872549,36.492050
-1.872645,36.492683
-1.872742,36.493316
-1.872838,36.493949
-1.872935,36.494581
-1.873031,36.495214
-1.873128,36.495846
-1.873224,36.496478
-1.873321,36.497111
-1.873417,36.497743
-1.873513,36.498375
-1.873610,36.499007
-1.873706,36.499639
-1.873803,36.500270
-1.873899,36.500902
-1.873995,36.501534
-1.874092,36.502165
-1.874188,36.502797
-1.874285,36.503428
-1.874381,36.504059
-1.874477,36.504690
-1.874574,36.505321
-1.874670,36.505952
-1.874766,36.506583
-1.874863,36.507214
-1.874959,36.507845
-1.875055,36.508475
-1.875152,36.509106
-1.875248,36.509736
-1.875344,36.510367
-1.875440,36.510997
-1.875537,36.511627
-1.875633,36.512257
-1.875729,36.512887
-1.875826,36.513517
-1.875922,36.514147
-1.876018,36.514776
-1.876114,36.515406
-1.876211,36.516036
-1.876307,36.516665
-1.876403,36.517294
-1.876499,36.517924
-1.876596,36.518553
-1.876692,36.519182
-1.876788,36.519811
-1.876884,36.520440
-1.876980,36.521069
-1.877077,36.521697
-1.877173,36.522326
-1.877269,36.522954
-1.877365,36.523583
-1.877461,36.524211
-1.877557,36.524840
-1.877654,36.525468
-1.877750,36.526096
-1.877846,36.526724
-1.877942,36.527352
-1.878038,36.527980
-1.878134,36.528607
-1.878230,36.529235
-1.878327,36.529863
-1.878423,36.530490
-1.878519,36.531117
-1.878615,36.531745
-1.878711,36.532372
-1.878807,36.532999
-1.878903,36.533626
-1.878999,36.534253
-1.879095,36.534880
-1.879191,36.535507
-1.879287,36.536133
-1.879383,36.536760
-1.879479,36.537386
-1.879575,36.538013
-1.879671,36.538639
-1.879767,36.539265
-1.879863,36.539891
-1.879959,36.540517
-1.880055,36.541143
-1.880151,36.541769
-1.880247,36.542395
-1.880343,36.543021
-1.880439,36.543646
-1.880535,36.544272
-1.880631,36.544897
-1.880727,36.545522
-1.880823,36.546148
-1.880919,36.546773
-1.881015,36.547398
-1.881111,36.548023
-1.881207,36.548648
-1.881303,36.549272
-1.881399,36.549897
-1.881495,36.550522
-1.881591,36.551146
-1.881686,36.551771
-1.881782,36.552395
-1.881878,36.553019
-1.881974,36.553643
-1.882070,36.554267
-1.882166,36.554891
-1.882262,36.555515
-1.882358,36.556139
-1.882453,36.556763
-1.882549,36.557386
-1.882645,36.558010
-1.882741,36.558633
-1.882837,36.559256
-1.882933,36.559880
-1.883028,36.560503
-1.883124,36.561126
-1.883220,36.561749
-1.883316,36.562372
-1.883412,36.562995
-1.883507,36.563617
-1.883603,36.564240
-1.883699,36.564862
-1.883795,36.565485
-1.883890,36.566107
-1.883986,36.566730
-1.884082,36.567352
-1.884178,36.567974
-1.884273,36.568596
-1.884369,36.569218
-1.884465,36.569839
-1.884560,36.570461
-1.884656,36.571083
-1.884752,36.571704
-1.884848,36.572326
-1.884943,36.572947
-1.885039,36.573568
-1.885135,36.574190
-1.885230,36.574811
-1.885326,36.575432
-1.885421,36.576053
-1.885517,36.576673
-1.885613,36.577294
-1.885708,36.577915
-1.885804,36.578535
-1.885900,36.579156
-1.885995,36.579776
-1.886091,36.580396
-1.886186,36.581017
-1.886282,36.581637
-1.886378,36.582257
-1.886473,36.582877
-1.886569,36.583496
-1.886664,36.584116
-1.886760,36.584736
-1.886855,36.585355
-1.886951,36.585975
-1.887047,36.586594
-1.887142,36.587214
-1.887238,36.587833
-1.887333,36.588452
-1.887429,36.589071
-1.887524,36.589690
-1.887620,36.590309
-1.887715,36.590927
-1.887811,36.591546
-1.887906,36.592165
-1.888002,36.592783
-1.888097,36.593401
-1.888193,36.594020
-1.888288,36.594638
-1.888384,36.595256
-1.888479,36.595874
-1.888574,36.596492
-1.888670,36.597110
-1.888765,36.597728
-1.888861,36.598345
-1.888956,36.598963
-1.889052,36.599580
-1.889147,36.600198
-1.889242,36.600815
-1.889338,36.601432
-1.889433,36.602049
-1.889528,36.602666
-1.889624,36.603283
-1.889719,36.603900
-1.889815,36.604517
-1.889910,36.605134
-1.890005,36.605750
-1.890101,36.606367
-1.890196,36.606983
-1.890291,36.607600
-1.890387,36.608216
-1.890482,36.608832
-1.890577,36.609448
-1.890672,36.610064
-1.890768,36.610680
-1.890863,36.611296
-1.890958,36.611911
-1.891054,36.612527
-1.891149,36.613142
-1.891244,36.613758
-1.891339,36.614373
-1.891435,36.614988
-1.891530,36.615603
-1.891625,36.616218
-1.891720,36.616833
-1.891816,36.617448
-1.891911,36.618063
-1.892006,36.618678
-1.892101,36.619292
-1.892196,36.619907
-1.892292,36.620521
-1.892387,36.621136
-1.892482,36.621750
-1.892577,36.622364
-1.892672,36.622978
-1.892767,36.623592
-1.892863,36.624206
-1.892958,36.624820
-1.893053,36.625433
-1.893148,36.626047
-1.893243,36.626661
-1.893338,36.627274
-1.893433,36.627887
-1.893529,36.628501
-1.893624,36.629114
-1.893719,36.629727
-1.893814,36.630340
-1.893909,36.630953
-1.894004,36.631565
-1.894099,36.632178
-1.894194,36.632791
-1.894289,36.633403
-1.894384,36.634016
-1.894479,36.634628
-1.894574,36.635240
-1.894669,36.635852
-1.894764,36.636465
-1.894859,36.637077
-1.894954,36.637688
-1.895049,36.638300
-1.895144,36.638912
-1.895239,36.639524
-1.895334,36.640135
-1.895429,36.640747
-1.895524,36.641358
-1.895619,36.641969
-1.895714,36.642580
-1.895809,36.643191
-1.895904,36.643802
-1.895999,36.644413
-1.896094,36.645024
-1.896189,36.645635
-1.896284,36.646245
-1.896379,36.646856
-1.896474,36.647466
-1.896569,36.648077
-1.896663,36.648687
-1.896758,36.649297
-1.896853,36.649907
-1.896948,36.650517
-1.897043,36.651127
-1.897138,36.651737
-1.897233,36.652347
-1.897327,36.652956
-1.897422,36.653566
-1.897517,36.654175
-1.897612,36.654785
-1.897707,36.655394
-1.897802,36.656003
-1.897896,36.656612
-1.897991,36.657221
-1.898086,36.657830
-1.898181,36.658439
-1.898276,36.659048
-1.898370,36.659656
-1.898465,36.660265
-1.898560,36.660873
-1.898655,36.661482
-1.898749,36.662090
-1.898844,36.662698
-1.898939,36.663306
-1.899034,36.663914
-1.899128,36.664522
-1.899223,36.665130
-1.899318,36.665738
-1.899412,36.666345
-1.899507,36.666953
-1.899602,36.667560
-1.899697,36.668168
-1.899791,36.668775
-1.899886,36.669382
-1.899981,36.669989
-1.900075,36.670596
-1.900170,36.671203
-1.900265,36.671810
-1.900359,36.672417
-1.900454,36.673023
-1.900548,36.673630
-1.900643,36.674236
-1.900738,36.674843
-1.900832,36.675449
-1.900927,36.676055
-1.901021,36.676661
-1.901116,36.677267
-1.901211,36.677873
-1.901305,36.678479
-1.901400,36.679085
-1.901494,36.679691
-1.901589,36.680296
-1.901683,36.680902
-1.901778,36.681507
-1.901872,36.682112
-1.901967,36.682717
-1.902061,36.683323
-1.902156,36.683928
-1.902251,36.684533
-1.902345,36.685137
-1.902439,36.685742
-1.902534,36.686347
-1.902628,36.686951
-1.902723,36.687556
-1.902817,36.688160
-1.902912,36.688764
-1.903006,36.689369
-1.903101,36.689973
-1.903195,36.690577
-1.903290,36.691181
-1.903384,36.691785
-1.903478,36.692388
-1.903573,36.692992
-1.903667,36.693596
-1.903762,36.694199
-1.903856,36.694802
-1.903950,36.695406
-1.904045,36.696009
-1.904139,36.696612
-1.904234,36.697215
-1.904328,36.697818
-1.904422,36.698421
-1.904517,36.699024
-1.904611,36.699626
-1.904705,36.700229
-1.904800,36.700831
-1.904894,36.701434
-1.904988,36.702036
-1.905083,36.702638
-1.905177,36.703240
-1.905271,36.703842
-1.905365,36.704444
-1.905460,36.705046
-1.905554,36.705648
-1.905648,36.706249
-1.905743,36.706851
-1.905837,36.707452
-1.905931,36.708054
-1.906025,36.708655
-1.906119,36.709256
-1.906214,36.709857
-1.906308,36.710459
-1.906402,36.711059
-1.906496,36.711660
-1.906591,36.712261
-1.906685,36.712862
-1.906779,36.713462
-1.906873,36.714063
-1.906967,36.714663
-1.907061,36.715263
-1.907156,36.715864
-1.907250,36.716464
-1.907344,36.717064
-1.907438,36.717664
-1.907532,36.718264
-1.907626,36.718863
-1.907720,36.719463
-1.907814,36.720063
-1.907909,36.720662
-1.908003,36.721261
-1.908097,36.721861
-1.908191,36.722460
-1.908285,36.723059
-1.908379,36.723658
-1.908473,36.724257
-1.908567,36.724856
-1.908661,36.725455
-1.908755,36.726053
-1.908849,36.726652
-1.908943,36.727250
-1.909037,36.727849
-1.909131,36.728447
-1.909225,36.729045
-1.909319,36.729643
-1.909413,36.730241
-1.909507,36.730839
-1.909601,36.731437
-1.909695,36.732035
-1.909789,36.732633
-1.909883,36.733230
-1.909977,36.733828
-1.910071,36.734425
-1.910165,36.735022
-1.910259,36.735620
-1.910353,36.736217
-1.910447,36.736814
-1.910541,36.737411
-1.910635,36.738007
-1.910729,36.738604
-1.910822,36.739201
-1.910916,36.739797
-1.911010,36.740394
-1.911104,36.740990
-1.911198,36.741587
-1.911292,36.742183
-1.911386,36.742779
-1.911480,36.743375
-1.911573,36.743971
-1.911667,36.744567
-1.911761,36.745162
-1.911855,36.745758
-1.911949,36.746354
-1.912042,36.746949
-1.912136,36.747545
-1.912230,36.748140
-1.912324,36.748735
-1.912418,36.749330
-1.912511,36.749925
-1.912605,36.750520
-1.912699,36.751115
-1.912793,36.751710
-1.912886,36.752304
-1.912980,36.752899
-1.913074,36.753493
-1.913168,36.754088
-1.913261,36.754682
-1.913355,36.755276
-1.913449,36.755870
-1.913542,36.756464
-1.913636,36.757058
-1.913730,36.757652
-1.913823,36.758246
-1.913917,36.758840
-1.914011,36.759433
-1.914104,36.760027
-1.914198,36.760620
-1.914292,36.761213
-1.914385,36.761807
-1.914479,36.762400
-1.914573,36.762993
-1.914666,36.763586
-1.914760,36.764178
-1.914853,36.764771
-1.914947,36.765364
-1.915041,36.765956
-1.915134,36.766549
-1.915228,36.767141
-1.915321,36.767734
-1.915415,36.768326
-1.915508,36.768918
-1.915602,36.769510
-1.915695,36.770102
-1.915789,36.770694
-1.915883,36.771285
-1.915976,36.771877
-1.916070,36.772469
-1.916163,36.773060
-1.916257,36.773651
-1.916350,36.774243
-1.916444,36.774834
-1.916537,36.775425
-1.916630,36.776016
-1.916724,36.776607
-1.916817,36.777198
-1.916911,36.777789
-1.917004,36.778379
-1.917098,36.778970
-1.917191,36.779560
-1.917285,36.780151
-1.917378,36.780741
-1.917471,36.781331
-1.917565,36.781921
-1.917658,36.782511
-1.917752,36.783101
-1.917845,36.783691
-1.917938,36.784281
-1.918032,36.784870
-1.918125,36.785460
-1.918218,36.786049
-1.918312,36.786639
-1.918405,36.787228
-1.918498,36.787817
-1.918592,36.788406
-1.918685,36.788995
-1.918778,36.789584
-1.918872,36.790173
-1.918965,36.790762
-1.919058,36.791350
-1.919151,36.791939
-1.919245,36.792527
-1.919338,36.793116
-1.919431,36.793704
-1.919524,36.794292
-1.919618,36.794880
-1.919711,36.795468
-1.919804,36.796056
-1.919897,36.796644
-1.919991,36.797232
-1.920084,36.797819
-1.920177,36.798407
-1.920270,36.798994
-1.920363,36.799582
-1.920457,36.800169
-1.920550,36.800756
-1.920643,36.801343
-1.920736,36.801930
-1.920829,36.802517
-1.920922,36.803104
-1.921016,36.803691
-1.921109,36.804277
-1.921202,36.804864
-1.921295,36.805450
-1.921388,36.806037
-1.921481,36.806623
-1.921574,36.807209
-1.921667,36.807795
-1.921760,36.808381
-1.921853,36.808967
-1.921947,36.809553
-1.922040,36.810139
-1.922133,36.810724
-1.922226,36.811310
-1.922319,36.811895
-1.922412,36.812481
-1.922505,36.813066
-1.922598,36.813651
-1.922691,36.814236
-1.922784,36.814821
-1.922877,36.815406
-1.922970,36.815991
-1.923063,36.816576
-1.923156,36.817160
-1.923249,36.817745
-1.923342,36.818329
-1.923435,36.818913
-1.923528,36.819498
-1.923621,36.820082
-1.923714,36.820666
-1.923806,36.821250
-1.923899,36.821834
-1.923992,36.822418
-1.924085,36.823001
-1.924178,36.823585
-1.924271,36.824168
-1.924364,36.824752
-1.924457,36.825335
-1.924550,36.825918
-1.924642,36.826502
-1.924735,36.827085
-1.924828,36.827668
-1.924921,36.828251
-1.925014,36.828833
-1.925107,36.829416
-1.925200,36.829999
-1.925292,36.830581
-1.925385,36.831164
-1.925478,36.831746
-1.925571,36.832328
-1.925664,36.832910
-1.925756,36.833492
-1.925849,36.834074
-1.925942,36.834656
-1.926035,36.835238
-1.926127,36.835820
-1.926220,36.836401
-1.926313,36.836983
-1.926406,36.837564
-1.926498,36.838145
-1.926591,36.838727
-1.926684,36.839308
-1.926776,36.839889
-1.926869,36.840470
-1.926962,36.841051
-1.927054,36.841631
-1.927147,36.842212
-1.927240,36.842793
-1.927332,36.843373
-1.927425,36.843954
-1.927518,36.844534
-1.927610,36.845114
-1.927703,36.845694
-1.927796,36.846274
-1.927888,36.846854
-1.927981,36.847434
-1.928073,36.848014
-1.928166,36.848594
-1.928259,36.849173
-1.928351,36.849753
-1.928444,36.850332
-1.928536,36.850911
-1.928629,36.851491
-1.928721,36.852070
-1.928814,36.852649
-1.928906,36.853228
-1.928999,36.853807
-1.929092,36.854385
-1.929184,36.854964
-1.929277,36.855543
-1.929369,36.856121
-1.929462,36.856699
-1.929554,36.857278
-1.929646,36.857856
-1.929739,36.858434
-1.929831,36.859012
-1.929924,36.859590
-1.930016,36.860168
-1.930109,36.860746
-1.930201,36.861323
-1.930294,36.861901
-1.930386,36.862478
-1.930478,36.863056
-1.930571,36.863633
-1.930663,36.864210
-1.930756,36.864787
-1.930848,36.865364
-1.930940,36.865941
-1.931033,36.866518
-1.931125,36.867095
-1.931217,36.867671
-1.931310,36.868248
-1.931402,36.868824
-1.931495,36.869401
-1.931587,36.869977
-1.931679,36.870553
-1.931771,36.871129
-1.931864,36.871705
-1.931956,36.872281
-1.932048,36.872857
-1.932141,36.873433
-1.932233,36.874008
-1.932325,36.874584
-1.932417,36.875159
-1.932510,36.875735
-1.932602,36.876310
-1.932694,36.876885
-1.932786,36.877460
-1.932879,36.878035
-1.932971,36.878610
-1.933063,36.879185
-1.933155,36.879760
-1.933247,36.880334
-1.933340,36.880909
-1.933432,36.881483
-1.933524,36.882058
-1.933616,36.882632
-1.933708,36.883206
-1.933800,36.883780
-1.933893,36.884354
-1.933985,36.884928
-1.934077,36.885502
-1.934169,36.886075
-1.934261,36.886649
-1.934353,36.887223
-1.934445,36.887796
-1.934537,36.888369
-1.934629,36.888943
-1.934722,36.889516
-1.934814,36.890089
-1.934906,36.890662
-1.934998,36.891235
-1.935090,36.891807
-1.935182,36.892380
-1.935274,36.892953
-1.935366,36.893525
-1.935458,36.894098
-1.935550,36.894670
-1.935642,36.895242
-1.935734,36.895814
-1.935826,36.896386
-1.935918,36.896958
-1.936010,36.897530
-1.936102,36.898102
-1.936194,36.898674
-1.936286,36.899245
-1.936378,36.899817
-1.936470,36.900388
-1.936562,36.900959
-1.936653,36.901531
-1.936745,36.902102
-1.936837,36.902673
-1.936929,36.903244
-1.937021,36.903815
-1.937113,36.904385
-1.937205,36.904956
-1.937297,36.905527
-1.937389,36.906097
-1.937480,36.906667
-1.937572,36.907238
-1.937664,36.907808
-1.937756,36.908378
-1.937848,36.908948
-1.937940,36.909518
-1.938031,36.910088
-1.938123,36.910658
-1.938215,36.911227
-1.938307,36.911797
-1.938399,36.912366
-1.938490,36.912936
-1.938582,36.913505
-1.938674,36.914074
-1.938766,36.914643
-1.938857,36.915212
-1.938949,36.915781
-1.939041,36.916350
-1.939133,36.916919
-1.939224,36.917487
-1.939316,36.918056
-1.939408,36.918624
-1.939499,36.919193
-1.939591,36.919761
-1.939683,36.920329
-1.939774,36.920897
-1.939866,36.921465
-1.939958,36.922033
-1.940049,36.922601
-1.940141,36.923169
-1.940233,36.923736
-1.940324,36.924304
-1.940416,36.924871
-1.940507,36.925439
-1.940599,36.926006
-1.940691,36.926573
-1.940782,36.927140
-1.940874,36.927707
-1.940965,36.928274
-1.941057,36.928841
-1.941149,36.929407
-1.941240,36.929974
-1.941332,36.930540
-1.941423,36.931107
-1.941515,36.931673
-1.941606,36.932239
-1.941698,36.932806
-1.941789,36.933372
-1.941881,36.933938
-1.941972,36.934504
-1.942064,36.935069
-1.942155,36.935635
-1.942247,36.936201
-1.942338,36.936766
-1.942430,36.937331
-1.942521,36.937897
-1.942612,36.938462
-1.942704,36.939027
-1.942795,36.939592
-1.942887,36.940157
-1.942978,36.940722
-1.943070,36.941287
-1.943161,36.941851
-1.943252,36.942416
-1.943344,36.942980
-1.943435,36.943545
-1.943526,36.944109
-1.943618,36.944673
-1.943709,36.945237
-1.943800,36.945801
-1.943892,36.946365
-1.943983,36.946929
-1.944074,36.947493
-1.944166,36.948057
-1.944257,36.948620
-1.944348,36.949184
-1.944440,36.949747
-1.944531,36.950310
-1.944622,36.950874
-1.944713,36.951437
-1.944805,36.952000
-1.944896,36.952563
-1.944987,36.953125
-1.945078,36.953688
-1.945170,36.954251
-1.945261,36.954813
-1.945352,36.955376
-1.945443,36.955938
-1.945534,36.956500
-1.945626,36.957063
-1.945717,36.957625
-1.945808,36.958187
-1.945899,36.958748
-1.945990,36.959310
-1.946082,36.959872
-1.946173,36.960434
-1.946264,36.960995
-1.946355,36.961557
-1.946446,36.962118
-1.946537,36.962679
-1.946628,36.963240
-1.946719,36.963801
-1.946810,36.964362
-1.946902,36.964923
-1.946993,36.965484
-1.947084,36.966045
-1.947175,36.966605
-1.947266,36.967166
-1.947357,36.967726
-1.947448,36.968287
-1.947539,36.968847
-1.947630,36.969407
-1.947721,36.969967
-1.947812,36.970527
-1.947903,36.971087
-1.947994,36.971646
-1.948085,36.972206
-1.948176,36.972766
-1.948267,36.973325
-1.948358,36.973885
-1.948449,36.974444
-1.948540,36.975003
-1.948631,36.975562
-1.948722,36.976121
-1.948813,36.976680
-1.948903,36.977239
-1.948994,36.977798
-1.949085,36.978356
-1.949176,36.978915
-1.949267,36.979473
-1.949358,36.980032
-1.949449,36.980590
-1.949540,36.981148
-1.949630,36.981706
-1.949721,36.982264
-1.949812,36.982822
-1.949903,36.983380
-1.949994,36.983938
-1.950085,36.984496
-1.950175,36.985053
-1.950266,36.985611
-1.950357,36.986168
-1.950448,36.986725
-1.950539,36.987282
-1.950629,36.987839
-1.950720,36.988396
-1.950811,36.988953
-1.950902,36.989510
-1.950992,36.990067
-1.951083,36.990623
-1.951174,36.991180
-1.951265,36.991736
-1.951355,36.992293
-1.951446,36.992849
-1.951537,36.993405
-1.951627,36.993961
-1.951718,36.994517
-1.951809,36.995073
-1.951899,36.995629
-1.951990,36.996184
-1.952081,36.996740
-1.952171,36.997295
-1.952262,36.997851
-1.952352,36.998406
-1.952443,36.998961
-1.952534,36.999517
-1.952624,37.000072
-1.952715,37.000627
-1.952805,37.001181
-1.952896,37.001736
-1.952987,37.002291
-1.953077,37.002845
-1.953168,37.003400
-1.953258,37.003954
-1.953349,37.004509
-1.953439,37.005063
-1.953530,37.005617
-1.953620,37.006171
-1.953711,37.006725
-1.953801,37.007279
-1.953892,37.007832
-1.953982,37.008386
-1.954073,37.008940
-1.954163,37.009493
-1.954254,37.010046
-1.954344,37.010600
-1.954435,37.011153
-1.954525,37.011706
-1.954615,37.012259
-1.954706,37.012812
-1.954796,37.013365
-1.954887,37.013917
-1.954977,37.014470
-1.955068,37.015022
-1.955158,37.015575
-1.955248,37.016127
-1.955339,37.016679
-1.955429,37.017232
-1.955519,37.017784
-1.955610,37.018336
-1.955700,37.018888
-1.955790,37.019439
-1.955881,37.019991
-1.955971,37.020543
-1.956061,37.021094
-1.956152,37.021646
-1.956242,37.022197
-1.956332,37.022748
-1.956422,37.023299
-1.956513,37.023850
-1.956603,37.024401
-1.956693,37.024952
-1.956783,37.025503
-1.956874,37.026053
-1.956964,37.026604
-1.957054,37.027155
-1.957144,37.027705
-1.957234,37.028255
-1.957325,37.028805
-1.957415,37.029356
-1.957505,37.029906
-1.957595,37.030455
-1.957685,37.031005
-1.957776,37.031555
-1.957866,37.032105
-1.957956,37.032654
-1.958046,37.033204
-1.958136,37.033753
-1.958226,37.034302
-1.958316,37.034851
-1.958406,37.035401
-1.958496,37.035950
-1.958587,37.036498
-1.958677,37.037047
-1.958767,37.037596
-1.958857,37.038145
-1.958947,37.038693
-1.959037,37.039242
-1.959127,37.039790
-1.959217,37.040338
-1.959307,37.040886
-1.959397,37.041434
-1.959487,37.041982
-1.959577,37.042530
-1.959667,37.043078
-1.959757,37.043626
-1.959847,37.044173
-1.959937,37.044721
-1.960027,37.045268
-1.960117,37.045815
-1.960207,37.046363
-1.960297,37.046910
-1.960387,37.047457
-1.960476,37.048004
-1.960566,37.048551
-1.960656,37.049097
-1.960746,37.049644
-1.960836,37.050191
-1.960926,37.050737
-1.961016,37.051283
-1.961106,37.051830
-1.961195,37.052376
-1.961285,37.052922
-1.961375,37.053468
-1.961465,37.054014
-1.961555,37.054560
-1.961645,37.055105
-1.961734,37.055651
-1.961824,37.056197
-1.961914,37.056742
-1.962004,37.057287
-1.962094,37.057833
-1.962183,37.058378
-1.962273,37.058923
-1.962363,37.059468
-1.962453,37.060013
-1.962542,37.060558
-1.962632,37.061102
-1.962722,37.061647
-1.962811,37.062191
-1.962901,37.062736
-1.962991,37.063280
-1.963081,37.063824
-1.963170,37.064369
-1.963260,37.064913
-1.963350,37.065457
-1.963439,37.066000
-1.963529,37.066544
-1.963618,37.067088
-1.963708,37.067631
-1.963798,37.068175
-1.963887,37.068718
-1.963977,37.069262
-1.964067,37.069805
-1.964156,37.070348
-1.964246,37.070891
-1.964335,37.071434
-1.964425,37.071977
-1.964514,37.072519
-1.964604,37.073062
-1.964693,37.073605
-1.964783,37.074147
-1.964873,37.074690
-1.964962,37.075232
-1.965052,37.075774
-1.965141,37.076316
-1.965231,37.076858
-1.965320,37.077400
-1.965410,37.077942
-1.965499,37.078483
-1.965588,37.079025
-1.965678,37.079567
-1.965767,37.080108
-1.965857,37.080649
-1.965946,37.081191
-1.966036,37.081732
-1.966125,37.082273
-1.966214,37.082814
-1.966304,37.083355
-1.966393,37.083895
-1.966483,37.084436
-1.966572,37.084977
-1.966661,37.085517
-1.966751,37.086058
-1.966840,37.086598
-1.966929,37.087138
-1.967019,37.087678
-1.967108,37.088218
-1.967197,37.088758
-1.967287,37.089298
-1.967376,37.089838
-1.967465,37.090377
-1.967555,37.090917
-1.967644,37.091456
-1.967733,37.091996
-1.967822,37.092535
-1.967912,37.093074
-1.968001,37.093613
-1.968090,37.094152
-1.968179,37.094691
-1.968268,37.095230
-1.968358,37.095769
-1.968447,37.096307
-1.968536,37.096846
-1.968625,37.097384
-1.968714,37.097923
-1.968804,37.098461
-1.968893,37.098999
-1.968982,37.099537
-1.969071,37.100075
-1.969160,37.100613
-1.969249,37.101151
-1.969338,37.101689
-1.969428,37.102226
-1.969517,37.102764
-1.969606,37.103301
-1.969695,37.103838
-1.969784,37.104376
-1.969873,37.104913
-1.969962,37.105450
-1.970051,37.105987
-1.970140,37.106523
-1.970229,37.107060
-1.970318,37.107597
-1.970407,37.108133
-1.970496,37.108670
-1.970585,37.109206
-1.970674,37.109743
-1.970763,37.110279
-1.970852,37.110815
-1.970941,37.111351
-1.971030,37.111887
-1.971119,37.112423
-1.971208,37.112958
-1.971297,37.113494
-1.971386,37.114029
-1.971475,37.114565
-1.971564,37.115100
-1.971653,37.115635
-1.971742,37.116171
-1.971830,37.116706
-1.971919,37.117241
-1.972008,37.117775
-1.972097,37.118310
-1.972186,37.118845
-1.972275,37.119380
-1.972364,37.119914
-1.972452,37.120448
-1.972541,37.120983
-1.972630,37.121517
-1.972719,37.122051
-1.972808,37.122585
-1.972896,37.123119
-1.972985,37.123653
-1.973074,37.124187
-1.973163,37.124720
-1.973252,37.125254
-1.973340,37.125787
-1.973429,37.126321
-1.973518,37.126854
-1.973606,37.127387
-1.973695,37.127920
-1.973784,37.128453
-1.973873,37.128986
-1.973961,37.129519
-1.974050,37.130052
-1.974139,37.130584
-1.974227,37.131117
-1.974316,37.131649
-1.974405,37.132182
-1.974493,37.132714
-1.974582,37.133246
-1.974670,37.133778
-1.974759,37.134310
-1.974848,37.134842
-1.974936,37.135374
-1.975025,37.135905
-1.975113,37.136437
-1.975202,37.136968
-1.975291,37.137500
-1.975379,37.138031
-1.975468,37.138562
-1.975556,37.139093
-1.975645,37.139624
-1.975733,37.140155
-1.975822,37.140686
-1.975910,37.141217
-1.975999,37.141748
-1.976087,37.142278
-1.976176,37.142809
-1.976264,37.143339
-1.976353,37.143869
-1.976441,37.144399
-1.976530,37.144929
-1.976618,37.145459
-1.976707,37.145989
-1.976795,37.146519
-1.976883,37.147049
-1.976972,37.147578
-1.977060,37.148108
-1.977149,37.148637
-1.977237,37.149167
-1.977325,37.149696
-1.977414,37.150225
-1.977502,37.150754
-1.977590,37.151283
-1.977679,37.151812
-1.977767,37.152341
-1.977855,37.152869
-1.977944,37.153398
-1.978032,37.153926
-1.978120,37.154455
-1.978209,37.154983
-1.978297,37.155511
-1.978385,37.156039
-1.978473,37.156567
-1.978562,37.157095
-1.978650,37.157623
-1.978738,37.158151
-1.978826,37.158678
-1.978915,37.159206
-1.979003,37.159733
-1.979091,37.160261
-1.979179,37.160788
-1.979267,37.161315
-1.979356,37.161842
-1.979444,37.162369
-1.979532,37.162896
-1.979620,37.163423
-1.979708,37.163950
-1.979796,37.164476
-1.979884,37.165003
-1.979973,37.165529
-1.980061,37.166055
-1.980149,37.166582
-1.980237,37.167108
-1.980325,37.167634
-1.980413,37.168160
-1.980501,37.168686
-1.980589,37.169211
-1.980677,37.169737
-1.980765,37.170262
-1.980853,37.170788
-1.980941,37.171313
-1.981029,37.171839
-1.981117,37.172364
-1.981205,37.172889
-1.981293,37.173414
-1.981381,37.173939
-1.981469,37.174464
-1.981557,37.174988
-1.981645,37.175513
-1.981733,37.176037
-1.981821,37.176562
-1.981909,37.177086
-1.981997,37.177610
-1.982085,37.178135
-1.982173,37.178659
-1.982261,37.179183
-1.982349,37.179706
-1.982437,37.180230
-1.982524,37.180754
-1.982612,37.181277
-1.982700,37.181801
-1.982788,37.182324
-1.982876,37.182848
-1.982964,37.183371
-1.983051,37.183894
-1.983139,37.184417
-1.983227,37.184940
-1.983315,37.185463
-1.983403,37.185985
-1.983490,37.186508
-1.983578,37.187030
-1.983666,37.187553
-1.983754,37.188075
-1.983842,37.188597
-1.983929,37.189120
-1.984017,37.189642
-1.984105,37.190164
-1.984192,37.190686
-1.984280,37.191207
-1.984368,37.191729
-1.984456,37.192251
-1.984543,37.192772
-1.984631,37.193294
-1.984719,37.193815
-1.984806,37.194336
-1.984894,37.194857
-1.984981,37.195378
-1.985069,37.195899
-1.985157,37.196420
-1.985244,37.196941
-1.985332,37.197461
-1.985419,37.197982
-1.985507,37.198502
-1.985595,37.199023
-1.985682,37.199543
-1.985770,37.200063
-1.985857,37.200583
-1.985945,37.201103
-1.986032,37.201623
-1.986120,37.202143
-1.986207,37.202663
-1.986295,37.203182
-1.986382,37.203702
-1.986470,37.204221
-1.986557,37.204740
-1.986645,37.205260
-1.986732,37.205779
-1.986820,37.206298
-1.986907,37.206817
-1.986995,37.207336
-1.987082,37.207854
-1.987170,37.208373
-1.987257,37.208892
-1.987344,37.209410
-1.987432,37.209928
-1.987519,37.210447
-1.987606,37.210965
-1.987694,37.211483
-1.987781,37.212001
-1.987869,37.212519
-1.987956,37.213037
-1.988043,37.213554
-1.988131,37.214072
-1.988218,37.214589
-1.988305,37.215107
-1.988392,37.215624
-1.988480,37.216141
-1.988567,37.216659
-1.988654,37.217176
-1.988742,37.217693
-1.988829,37.218209
-1.988916,37.218726
-1.989003,37.219243
-1.989091,37.219759
-1.989178,37.220276
-1.989265,37.220792
-1.989352,37.221309
-1.989439,37.221825
-1.989527,37.222341
-1.989614,37.222857
-1.989701,37.223373
-1.989788,37.223889
-1.989875,37.224404
-1.989962,37.224920
-1.990050,37.225435
-1.990137,37.225951
-1.990224,37.226466
-1.990311,37.226982
-1.990398,37.227497
-1.990485,37.228012
-1.990572,37.228527
-1.990659,37.229042
-1.990746,37.229556
-1.990833,37.230071
-1.990920,37.230586
-1.991007,37.231100
-1.991094,37.231614
-1.991181,37.232129
-1.991268,37.232643
-1.991355,37.233157
-1.991442,37.233671
-1.991529,37.234185
-1.991616,37.234699
-1.991703,37.235212
-1.991790,37.235726
-1.991877,37.236240
-1.991964,37.236753
-1.992051,37.237266
-1.992138,37.237780
-1.992225,37.238293
-1.992312,37.238806
-1.992399,37.239319
-1.992486,37.239832
-1.992573,37.240345
-1.992659,37.240857
-1.992746,37.241370
-1.992833,37.241882
-1.992920,37.242395
-1.993007,37.242907
-1.993094,37.243419
-1.993180,37.243931
-1.993267,37.244443
-1.993354,37.244955
-1.993441,37.245467
-1.993528,37.245979
-1.993614,37.246490
-1.993701,37.247002
-1.993788,37.247513
-1.993875,37.248025
-1.993961,37.248536
-1.994048,37.249047
-1.994135,37.249558
-1.994222,37.250069
-1.994308,37.250580
-1.994395,37.251091
-1.994482,37.251602
-1.994568,37.252112
-1.994655,37.252623
-1.994742,37.253133
-1.994828,37.253643
-1.994915,37.254153
-1.995002,37.254664
-1.995088,37.255174
-1.995175,37.255684
-1.995261,37.256193
-1.995348,37.256703
-1.995435,37.257213
-1.995521,37.257722
-1.995608,37.258232
-1.995694,37.258741
-1.995781,37.259250
-1.995867,37.259759
-1.995954,37.260269
-1.996040,37.260778
-1.996127,37.261286
-1.996213,37.261795
-1.996300,37.262304
-1.996386,37.262812
-1.996473,37.263321
-1.996559,37.263829
-1.996646,37.264338
-1.996732,37.264846
-1.996819,37.265354
-1.996905,37.265862
-1.996992,37.266370
-1.997078,37.266878
-1.997164,37.267385
-1.997251,37.267893
-1.997337,37.268401
-1.997424,37.268908
-1.997510,37.269415
-1.997596,37.269923
-1.997683,37.270430
-1.997769,37.270937
-1.997855,37.271444
-1.997942,37.271951
-1.998028,37.272458
-1.998114,37.272964
-1.998201,37.273471
-1.998287,37.273977
-1.998373,37.274484
-1.998459,37.274990
-1.998546,37.275496
-1.998632,37.276002
-1.998718,37.276508
-1.998805,37.277014
-1.998891,37.277520
-1.998977,37.278026
-1.999063,37.278531
-1.999149,37.279037
-1.999236,37.279542
-1.999322,37.280048
-1.999408,37.280553
-1.999494,37.281058
-1.999580,37.281563
-1.999666,37.282068
-1.999753,37.282573
-1.999839,37.283078
-1.999925,37.283582
-2.000011,37.284087
-2.000097,37.284592
-2.000183,37.285096
-2.000269,37.285600
-2.000355,37.286104
-2.000441,37.286609
-2.000527,37.287113
-2.000613,37.287616
-2.000699,37.288120
-2.000785,37.288624
-2.000872,37.289128
-2.000958,37.289631
-2.001044,37.290135
-2.001130,37.290638
-2.001216,37.291141
-2.001301,37.291644
-2.001387,37.292147
-2.001473,37.292650
-2.001559,37.293153
-2.001645,37.293656
-2.001731,37.294159
-2.001817,37.294661
-2.001903,37.295164
-2.001989,37.295666
-2.002075,37.296168
-2.002161,37.296671
-2.002247,37.297173
-2.002332,37.297675
-2.002418,37.298177
-2.002504,37.298678
-2.002590,37.299180
-2.002676,37.299682
-2.002762,37.300183
-2.002848,37.300685
-2.002933,37.301186
-2.003019,37.301687
-2.003105,37.302188
-2.003191,37.302689
-2.003276,37.303190
-2.003362,37.303691
-2.003448,37.304192
-2.003534,37.304693
-2.003619,37.305193
-2.003705,37.305694
-2.003791,37.306194
-2.003877,37.306694
-2.003962,37.307194
-2.004048,37.307695
-2.004134,37.308195
-2.004219,37.308694
-2.004305,37.309194
-2.004391,37.309694
-2.004476,37.310194
-2.004562,37.310693
-2.004647,37.311193
-2.004733,37.311692
-2.004819,37.312191
-2.004904,37.312690
-2.004990,37.313189
-2.005075,37.313688
-2.005161,37.314187
-2.005247,37.314686
-2.005332,37.315184
-2.005418,37.315683
-2.005503,37.316181
-2.005589,37.316680
-2.005674,37.317178
-2.005760,37.317676
-2.005845,37.318174
-2.005931,37.318672
-2.006016,37.319170
-2.006102,37.319668
-2.006187,37.320166
-2.006273,37.320663
-2.006358,37.321161
-2.006443,37.321658
-2.006529,37.322155
-2.006614,37.322653
-2.006700,37.323150
-2.006785,37.323647
-2.006870,37.324144
-2.006956,37.324641
-2.007041,37.325137
-2.007126,37.325634
-2.007212,37.326130
-2.007297,37.326627
-2.007382,37.327123
-2.007468,37.327620
-2.007553,37.328116
-2.007638,37.328612
-2.007724,37.329108
-2.007809,37.329604
-2.007894,37.330099
-2.007980,37.330595
-2.008065,37.331091
-2.008150,37.331586
-2.008235,37.332081
-2.008320,37.332577
-2.008406,37.333072
-2.008491,37.333567
-2.008576,37.334062
-2.008661,37.334557
-2.008746,37.335052
-2.008832,37.335547
-2.008917,37.336041
-2.009002,37.336536
-2.009087,37.337030
-2.009172,37.337524
-2.009257,37.338019
-2.009342,37.338513
-2.009428,37.339007
-2.009513,37.339501
-2.009598,37.339995
-2.009683,37.340488
-2.009768,37.340982
-2.009853,37.341476
-2.009938,37.341969
-2.010023,37.342462
-2.010108,37.342956
-2.010193,37.343449
-2.010278,37.343942
-2.010363,37.344435
-2.010448,37.344928
-2.010533,37.345421
-2.010618,37.345913
-2.010703,37.346406
-2.010788,37.346898
-2.010873,37.347391
-2.010958,37.347883
-2.011043,37.348375
-2.011128,37.348868
-2.011213,37.349360
-2.011297,37.349852
-2.011382,37.350343
-2.011467,37.350835
-2.011552,37.351327
-2.011637,37.351818
-2.011722,37.352310
-2.011807,37.352801
-2.011892,37.353292
-2.011976,37.353783
-2.012061,37.354275
-2.012146,37.354766
-2.012231,37.355256
-2.012316,37.355747
-2.012400,37.356238
-2.012485,37.356728
-2.012570,37.357219
-2.012655,37.357709
-2.012739,37.358200
-2.012824,37.358690
-2.012909,37.359180
-2.012993,37.359670
-2.013078,37.360160
-2.013163,37.360650
-2.013248,37.361139
-2.013332,37.361629
-2.013417,37.362118
-2.013502,37.362608
-2.013586,37.363097
-2.013671,37.363586
-2.013755,37.364076
-2.013840,37.364565
-2.013925,37.365054
-2.014009,37.365542
-2.014094,37.366031
-2.014178,37.366520
-2.014263,37.367008
-2.014348,37.367497
-2.014432,37.367985
-2.014517,37.368473
-2.014601,37.368962
-2.014686,37.369450
-2.014770,37.369938
-2.014855,37.370426
-2.014939,37.370913
-2.015024,37.371401
-2.015108,37.371889
-2.015193,37.372376
-2.015277,37.372864
-2.015362,37.373351
-2.015446,37.373838
-2.015530,37.374325
-2.015615,37.374812
-2.015699,37.375299
-2.015784,37.375786
-2.015868,37.376273
-2.015952,37.376759
-2.016037,37.377246
-2.016121,37.377732
-2.016205,37.378219
-2.016290,37.378705
-2.016374,37.379191
-2.016458,37.379677
-2.016543,37.380163
-2.016627,37.380649
-2.016711,37.381135
-2.016796,37.381620
-2.016880,37.382106
-2.016964,37.382591
-2.017048,37.383077
-2.017133,37.383562
-2.017217,37.384047
-2.017301,37.384532
-2.017385,37.385017
-2.017470,37.385502
-2.017554,37.385987
-2.017638,37.386472
-2.017722,37.386956
-2.017806,37.387441
-2.017891,37.387925
-2.017975,37.388409
-2.018059,37.388894
-2.018143,37.389378
-2.018227,37.389862
-2.018311,37.390346
-2.018395,37.390829
-2.018479,37.391313
-2.018563,37.391797
-2.018648,37.392280
-2.018732,37.392764
-2.018816,37.393247
-2.018900,37.393730
-2.018984,37.394213
-2.019068,37.394697
-2.019152,37.395180
-2.019236,37.395662
-2.019320,37.396145
-2.019404,37.396628
-2.019488,37.397110
-2.019572,37.397593
-2.019656,37.398075
-2.019740,37.398557
-2.019824,37.399040
-2.019907,37.399522
-2.019991,37.400004
-2.020075,37.400486
-2.020159,37.400967
-2.020243,37.401449
-2.020327,37.401931
-2.020411,37.402412
-2.020495,37.402894
-2.020579,37.403375
-2.020662,37.403856
-2.020746,37.404337
-2.020830,37.404818
-2.020914,37.405299
-2.020998,37.405780
-2.021081,37.406261
-2.021165,37.406741
-2.021249,37.407222
-2.021333,37.407702
-2.021417,37.408183
-2.021500,37.408663
-2.021584,37.409143
-2.021668,37.409623
-2.021751,37.410103
-2.021835,37.410583
-2.021919,37.411063
-2.022003,37.411542
-2.022086,37.412022
-2.022170,37.412501
-2.022254,37.412981
-2.022337,37.413460
-2.022421,37.413939
-2.022504,37.414418
-2.022588,37.414897
-2.022672,37.415376
-2.022755,37.415855
-2.022839,37.416334
-2.022922,37.416812
-2.023006,37.417291
-2.023090,37.417769
-2.023173,37.418247
-2.023257,37.418726
-2.023340,37.419204
-2.023424,37.419682
-2.023507,37.420160
-2.023591,37.420637
-2.023674,37.421115
-2.023758,37.421593
-2.023841,37.422070
-2.023925,37.422548
-2.024008,37.423025
-2.024092,37.423502
-2.024175,37.423979
-2.024258,37.424457
-2.024342,37.424933
-2.024425,37.425410
-2.024509,37.425887
-2.024592,37.426364
-2.024675,37.426840
-2.024759,37.427317
-2.024842,37.427793
-2.024925,37.428269
-2.025009,37.428745
-2.025092,37.429222
-2.025175,37.429698
-2.025259,37.430173
-2.025342,37.430649
-2.025425,37.431125
-2.025509,37.431600
-2.025592,37.432076
-2.025675,37.432551
-2.025758,37.433027
-2.025842,37.433502
-2.025925,37.433977
-2.026008,37.434452
-2.026091,37.434927
-2.026174,37.435402
-2.026258,37.435876
-2.026341,37.436351
-2.026424,37.436825
-2.026507,37.437300
-2.026590,37.437774
-2.026673,37.438248
-2.026757,37.438723
-2.026840,37.439197
-2.026923,37.439670
-2.027006,37.440144
-2.027089,37.440618
-2.027172,37.441092
-2.027255,37.441565
-2.027338,37.442039
-2.027421,37.442512
-2.027504,37.442985
-2.027587,37.443458
-2.027670,37.443931
-2.027753,37.444404
-2.027836,37.444877
-2.027919,37.445350
-2.028002,37.445823
-2.028085,37.446295
-2.028168,37.446768
-2.028251,37.447240
-2.028334,37.447712
-2.028417,37.448185
-2.028500,37.448657
-2.028583,37.449129
-2.028666,37.449600
-2.028749,37.450072
-2.028832,37.450544
-2.028914,37.451016
-2.028997,37.451487
-2.029080,37.451958
-2.029163,37.452430
-2.029246,37.452901
-2.029329,37.453372
-2.029411,37.453843
-2.029494,37.454314
-2.029577,37.454785
-2.029660,37.455255
-2.029743,37.455726
-2.029825,37.456197
-2.029908,37.456667
-2.029991,37.457137
-2.030074,37.457608
-2.030156,37.458078
-2.030239,37.458548
-2.030322,37.459018
-2.030404,37.459488
-2.030487,37.459957
-2.030570,37.460427
-2.030652,37.460896
-2.030735,37.461366
-2.030818,37.461835
-2.030900,37.462304
-2.030983,37.462774
-2.031066,37.463243
-2.031148,37.463712
-2.031231,37.464180
-2.031313,37.464649
-2.031396,37.465118
-2.031479,37.465586
-2.031561,37.466055
-2.031644,37.466523
-2.031726,37.466992
-2.031809,37.467460
-2.031891,37.467928
-2.031974,37.468396
-2.032056,37.468864
-2.032139,37.469332
-2.032221,37.469799
-2.032304,37.470267
-2.032386,37.470734
-2.032468,37.471202
-2.032551,37.471669
-2.032633,37.472136
-2.032716,37.472603
-2.032798,37.473070
-2.032881,37.473537
-2.032963,37.474004
-2.033045,37.474471
-2.033128,37.474937
-2.033210,37.475404
-2.033292,37.475870
-2.033375,37.476337
-2.033457,37.476803
-2.033539,37.477269
-2.033622,37.477735
-2.033704,37.478201
-2.033786,37.478667
-2.033868,37.479132
-2.033951,37.479598
-2.034033,37.480064
-2.034115,37.480529
-2.034197,37.480994
-2.034280,37.481460
-2.034362,37.481925
-2.034444,37.482390
-2.034526,37.482855
-2.034608,37.483320
-2.034691,37.483784
-2.034773,37.484249
-2.034855,37.484714
-2.034937,37.485178
-2.035019,37.485642
-2.035101,37.486107
-2.035183,37.486571
-2.035265,37.487035
-2.035348,37.487499
-2.035430,37.487963
-2.035512,37.488426
-2.035594,37.488890
-2.035676,37.489354
-2.035758,37.489817
-2.035840,37.490281
-2.035922,37.490744
-2.036004,37.491207
-2.036086,37.491670
-2.036168,37.492133
-2.036250,37.492596
-2.036332,37.493059
-2.036414,37.493521
-2.036496,37.493984
-2.036578,37.494447
-2.036660,37.494909
-2.036741,37.495371
-2.036823,37.495833
-2.036905,37.496296
-2.036987,37.496758
-2.037069,37.497219
-2.037151,37.497681
-2.037233,37.498143
-2.037315,37.498605
-2.037396,37.499066
-2.037478,37.499528
-2.037560,37.499989
-2.037642,37.500450
-2.037724,37.500911
-2.037805,37.501372
-2.037887,37.501833
-2.037969,37.502294
-2.038051,37.502755
-2.038132,37.503215
-2.038214,37.503676
-2.038296,37.504136
-2.038378,37.504597
-2.038459,37.505057
-2.038541,37.505517
-2.038623,37.505977
-2.038704,37.506437
-2.038786,37.506897
-2.038868,37.507357
-2.038949,37.507816
-2.039031,37.508276
-2.039113,37.508735
-2.039194,37.509195
-2.039276,37.509654
-2.039357,37.510113
-2.039439,37.510572
-2.039520,37.511031
-2.039602,37.511490
-2.039684,37.511949
-2.039765,37.512407
-2.039847,37.512866
-2.039928,37.513324
-2.040010,37.513783
-2.040091,37.514241
-2.040173,37.514699
-2.040254,37.515157
-2.040336,37.515615
-2.040417,37.516073
-2.040498,37.516531
-2.040580,37.516989
-2.040661,37.517446
-2.040743,37.517904
-2.040824,37.518361
-2.040905,37.518818
-2.040987,37.519276
-2.041068,37.519733
-2.041150,37.520190
-2.041231,37.520647
-2.041312,37.521103
-2.041394,37.521560
-2.041475,37.522017
-2.041556,37.522473
-2.041637,37.522930
-2.041719,37.523386
-2.041800,37.523842
-2.041881,37.524298
-2.041963,37.524754
-2.042044,37.525210
-2.042125,37.525666
-2.042206,37.526122
-2.042287,37.526577
-2.042369,37.527033
-2.042450,37.527488
-2.042531,37.527944
-2.042612,37.528399
-2.042693,37.528854
-2.042775,37.529309
-2.042856,37.529764
-2.042937,37.530219
-2.043018,37.530673
-2.043099,37.531128
-2.043180,37.531583
-2.043261,37.532037
-2.043342,37.532491
-2.043423,37.532946
-2.043504,37.533400
-2.043585,37.533854
-2.043666,37.534308
-2.043748,37.534762
-2.043829,37.535215
-2.043910,37.535669
-2.043991,37.536122
-2.044071,37.536576
-2.044152,37.537029
-2.044233,37.537482
-2.044314,37.537936
-2.044395,37.538389
-2.044476,37.538842
-2.044557,37.539295
-2.044638,37.539747
-2.044719,37.540200
-2.044800,37.540652
-2.044881,37.541105
-2.044962,37.541557
-2.045042,37.542010
-2.045123,37.542462
-2.045204,37.542914
-2.045285,37.543366
-2.045366,37.543818
-2.045447,37.544269
-2.045527,37.544721
-2.045608,37.545173
-2.045689,37.545624
-2.045770,37.546075
-2.045850,37.546527
-2.045931,37.546978
-2.046012,37.547429
-2.046093,37.547880
-2.046173,37.548331
-2.046254,37.548782
-2.046335,37.549232
-2.046415,37.549683
-2.046496,37.550133
-2.046577,37.550584
-2.046657,37.551034
-2.046738,37.551484
-2.046819,37.551934
-2.046899,37.552384
-2.046980,37.552834
-2.047060,37.553284
-2.047141,37.553734
-2.047222,37.554183
-2.047302,37.554633
-2.047383,37.555082
-2.047463,37.555531
-2.047544,37.555981
-2.047624,37.556430
-2.047705,37.556879
-2.047785,37.557328
-2.047866,37.557776
-2.047946,37.558225
-2.048027,37.558674
-2.048107,37.559122
-2.048188,37.559571
-2.048268,37.560019
-2.048348,37.560467
-2.048429,37.560915
-2.048509,37.561363
-2.048590,37.561811
-2.048670,37.562259
-2.048750,37.562707
-2.048831,37.563154
-2.048911,37.563602
-2.048991,37.564049
-2.049072,37.564497
-2.049152,37.564944
-2.049232,37.565391
-2.049313,37.565838
-2.049393,37.566285
-2.049473,37.566732
-2.049553,37.567178
-2.049634,37.567625
-2.049714,37.568072
-2.049794,37.568518
-2.049874,37.568964
-2.049955,37.569411
-2.050035,37.569857
-2.050115,37.570303
-2.050195,37.570749
-2.050275,37.571194
-2.050355,37.571640
-2.050436,37.572086
-2.050516,37.572531
-2.050596,37.572977
-2.050676,37.573422
-2.050756,37.573867
-2.050836,37.574312
-2.050916,37.574757
-2.050996,37.575202
-2.051076,37.575647
-2.051156,37.576092
-2.051236,37.576537
-2.051316,37.576981
-2.051397,37.577426
-2.051477,37.577870
-2.051557,37.578314
-2.051636,37.578758
-2.051716,37.579202
-2.051796,37.579646
-2.051876,37.580090
-2.051956,37.580534
-2.052036,37.580978
-2.052116,37.581421
-2.052196,37.581864
-2.052276,37.582308
-2.052356,37.582751
-2.052436,37.583194
-2.052516,37.583637
-2.052595,37.584080
-2.052675,37.584523
-2.052755,37.584966
-2.052835,37.585408
-2.052915,37.585851
-2.052995,37.586293
-2.053074,37.586736
-2.053154,37.587178
-2.053234,37.587620
-2.053314,37.588062
-2.053393,37.588504
-2.053473,37.588946
-2.053553,37.589388
-2.053633,37.589829
-2.053712,37.590271
-2.053792,37.590712
-2.053872,37.591154
-2.053951,37.591595
-2.054031,37.592036
-2.054111,37.592477
-2.054190,37.592918
-2.054270,37.593359
-2.054349,37.593800
-2.054429,37.594241
-2.054509,37.594681
-2.054588,37.595122
-2.054668,37.595562
-2.054747,37.596002
-2.054827,37.596442
-2.054906,37.596882
-2.054986,37.597322
-2.055065,37.597762
-2.055145,37.598202
-2.055224,37.598642
-2.055304,37.599081
-2.055383,37.599521
-2.055463,37.599960
-2.055542,37.600399
-2.055622,37.600838
-2.055701,37.601278
-2.055781,37.601717
-2.055860,37.602155
-2.055939,37.602594
-2.056019,37.603033
-2.056098,37.603471
-2.056178,37.603910
-2.056257,37.604348
-2.056336,37.604786
-2.056416,37.605225
-2.056495,37.605663
-2.056574,37.606101
-2.056653,37.606539
-2.056733,37.606976
-2.056812,37.607414
-2.056891,37.607852
-2.056971,37.608289
-2.057050,37.608726
-2.057129,37.609164
-2.057208,37.609601
-2.057287,37.610038
-2.057367,37.610475
-2.057446,37.610912
-2.057525,37.611348
-2.057604,37.611785
-2.057683,37.612222
-2.057762,37.612658
-2.057842,37.613095
-2.057921,37.613531
-2.058000,37.613967
-2.058079,37.614403
-2.058158,37.614839
-2.058237,37.615275
-2.058316,37.615711
-2.058395,37.616146
-2.058474,37.616582
-2.058553,37.617017
-2.058632,37.617453
-2.058711,37.617888
-2.058790,37.618323
-2.058869,37.618758
-2.058948,37.619193
-2.059027,37.619628
-2.059106,37.620063
-2.059185,37.620498
-2.059264,37.620932
-2.059343,37.621367
-2.059422,37.621801
-2.059501,37.622235
-2.059580,37.622669
-2.059659,37.623103
-2.059737,37.623537
-2.059816,37.623971
-2.059895,37.624405
-2.059974,37.624839
-2.060053,37.625272
-2.060132,37.625706
-2.060210,37.626139
-2.060289,37.626572
-2.060368,37.627006
-2.060447,37.627439
-2.060525,37.627872
-2.060604,37.628305
-2.060683,37.628737
-2.060762,37.629170
-2.060840,37.629603
-2.060919,37.630035
-2.060998,37.630467
-2.061076,37.630900
-2.061155,37.631332
-2.061234,37.631764
-2.061312,37.632196
-2.061391,37.632628
-2.061470,37.633059
-2.061548,37.633491
-2.061627,37.633923
-2.061705,37.634354
-2.061784,37.634786
-2.061863,37.635217
-2.061941,37.635648
-2.062020,37.636079
-2.062098,37.636510
-2.062177,37.636941
-2.062255,37.637372
-2.062334,37.637802
-2.062412,37.638233
-2.062491,37.638663
-2.062569,37.639094
-2.062648,37.639524
-2.062726,37.639954
-2.062804,37.640384
-2.062883,37.640814
-2.062961,37.641244
-2.063040,37.641674
-2.063118,37.642103
-2.063196,37.642533
-2.063275,37.642962
-2.063353,37.643392
-2.063431,37.643821
-2.063510,37.644250
-2.063588,37.644679
-2.063666,37.645108
-2.063745,37.645537
-2.063823,37.645966
-2.063901,37.646394
-2.063980,37.646823
-2.064058,37.647251
-2.064136,37.647680
-2.064214,37.648108
-2.064292,37.648536
-2.064371,37.648964
-2.064449,37.649392
-2.064527,37.649820
-2.064605,37.650248
-2.064683,37.650676
-2.064762,37.651103
-2.064840,37.651531
-2.064918,37.651958
-2.064996,37.652385
-2.065074,37.652812
-2.065152,37.653239
-2.065230,37.653666
-2.065308,37.654093
-2.065386,37.654520
-2.065464,37.654946
-2.065542,37.655373
-2.065620,37.655799
-2.065698,37.656226
-2.065776,37.656652
-2.065854,37.657078
-2.065932,37.657504
-2.066010,37.657930
-2.066088,37.658356
-2.066166,37.658782
-2.066244,37.659207
-2.066322,37.659633
-2.066400,37.660058
-2.066478,37.660484
-2.066556,37.660909
-2.066634,37.661334
-2.066712,37.661759
-2.066789,37.662184
-2.066867,37.662609
-2.066945,37.663034
-2.067023,37.663458
-2.067101,37.663883
-2.067178,37.664307
-2.067256,37.664732
-2.067334,37.665156
-2.067412,37.665580
-2.067490,37.666004
-2.067567,37.666428
-2.067645,37.666852
-2.067723,37.667275
-2.067800,37.667699
-2.067878,37.668123
-2.067956,37.668546
-2.068033,37.668969
-2.068111,37.669392
-2.068189,37.669816
-2.068266,37.670239
-2.068344,37.670662
-2.068422,37.671084
-2.068499,37.671507
-2.068577,37.671930
-2.068654,37.672352
-2.068732,37.672775
-2.068810,37.673197
-2.068887,37.673619
-2.068965,37.674041
-2.069042,37.674463
-2.069120,37.674885
-2.069197,37.675307
-2.069275,37.675729
-2.069352,37.676150
-2.069430,37.676572
-2.069507,37.676993
-2.069584,37.677414
-2.069662,37.677836
-2.069739,37.678257
-2.069817,37.678678
-2.069894,37.679099
-2.069971,37.679519
-2.070049,37.679940
-2.070126,37.680361
-2.070204,37.680781
-2.070281,37.681202
-2.070358,37.681622
-2.070435,37.682042
-2.070513,37.682462
-2.070590,37.682882
-2.070667,37.683302
-2.070745,37.683722
-2.070822,37.684142
-2.070899,37.684561
-2.070976,37.684981
-2.071054,37.685400
-2.071131,37.685819
-2.071208,37.686238
-2.071285,37.686658
-2.071362,37.687076
-2.071439,37.687495
-2.071517,37.687914
-2.071594,37.688333
-2.071671,37.688751
-2.071748,37.689170
-2.071825,37.689588
-2.071902,37.690006
-2.071979,37.690425
-2.072056,37.690843
-2.072133,37.691261
-2.072210,37.691679
-2.072287,37.692096
-2.072364,37.692514
-2.072442,37.692932
-2.072519,37.693349
-2.072595,37.693766
-2.072672,37.694184
-2.072749,37.694601
-2.072826,37.695018
-2.072903,37.695435
-2.072980,37.695852
-2.073057,37.696268
-2.073134,37.696685
-2.073211,37.697102
-2.073288,37.697518
-2.073365,37.697934
-2.073442,37.698351
-2.073518,37.698767
-2.073595,37.699183
-2.073672,37.699599
-2.073749,37.700014
-2.073826,37.700430
-2.073902,37.700846
-2.073979,37.701261
-2.074056,37.701677
-2.074133,37.702092
-2.074210,37.702507
-2.074286,37.702922
-2.074363,37.703337
-2.074440,37.703752
-2.074516,37.704167
-2.074593,37.704582
-2.074670,37.704997
-2.074746,37.705411
-2.074823,37.705825
-2.074900,37.706240
-2.074976,37.706654
-2.075053,37.707068
-2.075129,37.707482
-2.075206,37.707896
-2.075283,37.708310
-2.075359,37.708724
-2.075436,37.709137
-2.075512,37.709551
-2.075589,37.709964
-2.075665,37.710377
-2.075742,37.710790
-2.075818,37.711204
-2.075895,37.711617
-2.075971,37.712029
-2.076048,37.712442
-2.076124,37.712855
-2.076201,37.713268
-2.076277,37.713680
-2.076353,37.714092
-2.076430,37.714505
-2.076506,37.714917
-2.076583,37.715329
-2.076659,37.715741
-2.076735,37.716153
-2.076812,37.716565
-2.076888,37.716976
-2.076964,37.717388
-2.077041,37.717799
-2.077117,37.718211
-2.077193,37.718622
-2.077269,37.719033
-2.077346,37.719444
-2.077422,37.719855
-2.077498,37.720266
-2.077574,37.720677
-2.077651,37.721087
-2.077727,37.721498
-2.077803,37.721908
-2.077879,37.722319
-2.077955,37.722729
-2.078031,37.723139
-2.078108,37.723549
-2.078184,37.723959
-2.078260,37.724369
-2.078336,37.724778
-2.078412,37.725188
-2.078488,37.725598
-2.078564,37.726007
-2.078640,37.726416
-2.078716,37.726826
-2.078792,37.727235
-2.078868,37.727644
-2.078944,37.728053
-2.079020,37.728461
-2.079096,37.728870
-2.079172,37.729279
-2.079248,37.729687
-2.079324,37.730096
-2.079400,37.730504
-2.079476,37.730912
-2.079552,37.731320
-2.079628,37.731728
-2.079704,37.732136
-2.079780,37.732544
-2.079855,37.732952
-2.079931,37.733359
-2.080007,37.733767
-2.080083,37.734174
-2.080159,37.734581
-2.080235,37.734989
-2.080310,37.735396
-2.080386,37.735803
-2.080462,37.736210
-2.080538,37.736616
-2.080613,37.737023
-2.080689,37.737430
-2.080765,37.737836
-2.080841,37.738242
-2.080916,37.738649
-2.080992,37.739055
-2.081068,37.739461
-2.081143,37.739867
-2.081219,37.740273
-2.081295,37.740678
-2.081370,37.741084
-2.081446,37.741490
-2.081521,37.741895
-2.081597,37.742300
-2.081673,37.742706
-2.081748,37.743111
-2.081824,37.743516
-2.081899,37.743921
-2.081975,37.744325
-2.082050,37.744730
-2.082126,37.745135
-2.082201,37.745539
-2.082277,37.745944
-2.082352,37.746348
-2.082428,37.746752
-2.082503,37.747156
-2.082578,37.747560
-2.082654,37.747964
-2.082729,37.748368
-2.082805,37.748772
-2.082880,37.749175
-2.082955,37.749579
-2.083031,37.749982
-2.083106,37.750386
-2.083181,37.750789
-2.083257,37.751192
-2.083332,37.751595
-2.083407,37.751998
-2.083483,37.752401
-2.083558,37.752803
-2.083633,37.753206
-2.083708,37.753608
-2.083784,37.754011
-2.083859,37.754413
-2.083934,37.754815
-2.084009,37.755217
-2.084084,37.755619
-2.084160,37.756021
-2.084235,37.756423
-2.084310,37.756824
-2.084385,37.757226
-2.084460,37.757627
-2.084535,37.758029
-2.084610,37.758430
-2.084685,37.758831
-2.084761,37.759232
-2.084836,37.759633
-2.084911,37.760034
-2.084986,37.760435
-2.085061,37.760835
-2.085136,37.761236
-2.085211,37.761636
-2.085286,37.762036
-2.085361,37.762437
-2.085436,37.762837
-2.085511,37.763237
-2.085586,37.763637
-2.085660,37.764036
-2.085735,37.764436
-2.085810,37.764836
-2.085885,37.765235
-2.085960,37.765635
-2.086035,37.766034
-2.086110,37.766433
-2.086185,37.766832
-2.086259,37.767231
-2.086334,37.767630
-2.086409,37.768029
-2.086484,37.768427
-2.086559,37.768826
-2.086633,37.769224
-2.086708,37.769623
-2.086783,37.770021
-2.086858,37.770419
-2.086932,37.770817
-2.087007,37.771215
-2.087082,37.771613
-2.087156,37.772011
-2.087231,37.772408
-2.087306,37.772806
-2.087380,37.773203
-2.087455,37.773601
-2.087530,37.773998
-2.087604,37.774395
-2.087679,37.774792
-2.087753,37.775189
-2.087828,37.775586
-2.087902,37.775983
-2.087977,37.776379
-2.088052,37.776776
-2.088126,37.777172
-2.088201,37.777568
-2.088275,37.777965
-2.088350,37.778361
-2.088424,37.778757
-2.088498,37.779153
-2.088573,37.779548
-2.088647,37.779944
-2.088722,37.780340
-2.088796,37.780735
-2.088871,37.781131
-2.088945,37.781526
-2.089019,37.781921
-2.089094,37.782316
-2.089168,37.782711
-2.089242,37.783106
-2.089317,37.783501
-2.089391,37.783895
-2.089465,37.784290
-2.089540,37.784684
-2.089614,37.785079
-2.089688,37.785473
-2.089762,37.785867
-2.089837,37.786261
-2.089911,37.786655
-2.089985,37.787049
-2.090059,37.787442
-2.090133,37.787836
-2.090208,37.788230
-2.090282,37.788623
-2.090356,37.789016
-2.090430,37.789409
-2.090504,37.789803
-2.090578,37.790196
-2.090652,37.790588
-2.090726,37.790981
-2.090800,37.791374
-2.090874,37.791767
-2.090949,37.792159
-2.091023,37.792551
-2.091097,37.792944
-2.091171,37.793336
-2.091245,37.793728
-2.091319,37.794120
-2.091393,37.794512
-2.091466,37.794903
-2.091540,37.795295
-2.091614,37.795687
-2.091688,37.796078
-2.091762,37.796469
-2.091836,37.796861
-2.091910,37.797252
-2.091984,37.797643
-2.092058,37.798034
-2.092132,37.798425
-2.092205,37.798815
-2.092279,37.799206
-2.092353,37.799596
-2.092427,37.799987
-2.092501,37.800377
-2.092574,37.800767
-2.092648,37.801158
-2.092722,37.801548
-2.092796,37.801937
-2.092869,37.802327
-2.092943,37.802717
-2.093017,37.803106
-2.093090,37.803496
-2.093164,37.803885
-2.093238,37.804275
-2.093311,37.804664
-2.093385,37.805053
-2.093459,37.805442
-2.093532,37.805831
-2.093606,37.806219
-2.093679,37.806608
-2.093753,37.806997
-2.093826,37.807385
-2.093900,37.807773
-2.093973,37.808162
-2.094047,37.808550
-2.094120,37.808938
-2.094194,37.809326
-2.094267,37.809713
-2.094341,37.810101
-2.094414,37.810489
-2.094488,37.810876
-2.094561,37.811264
-2.094635,37.811651
-2.094708,37.812038
-2.094781,37.812425
-2.094855,37.812812
-2.094928,37.813199
-2.095001,37.813586
-2.095075,37.813973
-2.095148,37.814359
-2.095221,37.814746
-2.095295,37.815132
-2.095368,37.815518
-2.095441,37.815904
-2.095515,37.816290
-2.095588,37.816676
-2.095661,37.817062
-2.095734,37.817448
-2.095807,37.817834
-2.095881,37.818219
-2.095954,37.818605
-2.096027,37.818990
-2.096100,37.819375
-2.096173,37.819760
-2.096246,37.820145
-2.096319,37.820530
-2.096393,37.820915
-2.096466,37.821300
-2.096539,37.821684
-2.096612,37.822069
-2.096685,37.822453
-2.096758,37.822837
-2.096831,37.823222
-2.096904,37.823606
-2.096977,37.823990
-2.097050,37.824373
-2.097123,37.824757
-2.097196,37.825141
-2.097269,37.825524
-2.097342,37.825908
-2.097415,37.826291
-2.097488,37.826674
-2.097560,37.827058
-2.097633,37.827441
-2.097706,37.827824
-2.097779,37.828206
-2.097852,37.828589
-2.097925,37.828972
-2.097998,37.829354
-2.098070,37.829737
-2.098143,37.830119
-2.098216,37.830501
-2.098289,37.830883
-2.098361,37.831265
-2.098434,37.831647
-2.098507,37.832029
-2.098580,37.832411
-2.098652,37.832792
-2.098725,37.833174
-2.098798,37.833555
-2.098870,37.833936
-2.098943,37.834317
-2.099016,37.834698
-2.099088,37.835079
-2.099161,37.835460
-2.099234,37.835841
-2.099306,37.836222
-2.099379,37.836602
-2.099451,37.836982
-2.099524,37.837363
-2.099596,37.837743
-2.099669,37.838123
-2.099741,37.838503
-2.099814,37.838883
-2.099886,37.839263
-2.099959,37.839643
-2.100031,37.840022
-2.100104,37.840402
-2.100176,37.840781
-2.100249,37.841160
-2.100321,37.841539
-2.100393,37.841918
-2.100466,37.842297
-2.100538,37.842676
-2.100610,37.843055
-2.100683,37.843434
-2.100755,37.843812
-2.100827,37.844191
-2.100900,37.844569
-2.100972,37.844947
-2.101044,37.845325
-2.101116,37.845703
-2.101189,37.846081
-2.101261,37.846459
-2.101333,37.846837
-2.101405,37.847214
-2.101478,37.847592
-2.101550,37.847969
-2.101622,37.848346
-2.101694,37.848724
-2.101766,37.849101
-2.101838,37.849478
-2.101910,37.849855
-2.101983,37.850231
-2.102055,37.850608
-2.102127,37.850985
-2.102199,37.851361
-2.102271,37.851737
-2.102343,37.852114
-2.102415,37.852490
-2.102487,37.852866
-2.102559,37.853242
-2.102631,37.853617
-2.102703,37.853993
-2.102775,37.854369
-2.102847,37.854744
-2.102919,37.855120
-2.102991,37.855495
-2.103062,37.855870
-2.103134,37.856245
-2.103206,37.856620
-2.103278,37.856995
-2.103350,37.857370
-2.103422,37.857744
-2.103494,37.858119
-2.103565,37.858493
-2.103637,37.858868
-2.103709,37.859242
-2.103781,37.859616
-2.103853,37.859990
-2.103924,37.860364
-2.103996,37.860738
-2.104068,37.861112
-2.104139,37.861485
-2.104211,37.861859
-2.104283,37.862232
-2.104354,37.862605
-2.104426,37.862979
-2.104498,37.863352
-2.104569,37.863725
-2.104641,37.864098
-2.104713,37.864470
-2.104784,37.864843
-2.104856,37.865216
-2.104927,37.865588
-2.104999,37.865960
-2.105070,37.866333
-2.105142,37.866705
-2.105213,37.867077
-2.105285,37.867449
-2.105356,37.867820
-2.105428,37.868192
-2.105499,37.868564
-2.105571,37.868935
-2.105642,37.869307
-2.105714,37.869678
-2.105785,37.870049
-2.105856,37.870420
-2.105928,37.870791
-2.105999,37.871162
-2.106070,37.871533
-2.106142,37.871903
-2.106213,37.872274
-2.106284,37.872644
-2.106356,37.873015
-2.106427,37.873385
-2.106498,37.873755
-2.106569,37.874125
-2.106641,37.874495
-2.106712,37.874865
-2.106783,37.875235
-2.106854,37.875604
-2.106925,37.875974
-2.106997,37.876343
-2.107068,37.876712
-2.107139,37.877082
-2.107210,37.877451
-2.107281,37.877820
-2.107352,37.878189
-2.107423,37.878557
-2.107494,37.878926
-2.107565,37.879294
-2.107637,37.879663
-2.107708,37.880031
-2.107779,37.880400
-2.107850,37.880768
-2.107921,37.881136
-2.107992,37.881504
-2.108063,37.881871
-2.108133,37.882239
-2.108204,37.882607
-2.108275,37.882974
-2.108346,37.883342
-2.108417,37.883709
-2.108488,37.884076
-2.108559,37.884443
-2.108630,37.884810
-2.108701,37.885177
-2.108771,37.885544
-2.108842,37.885910
-2.108913,37.886277
-2.108984,37.886643
-2.109055,37.887010
-2.109125,37.887376
-2.109196,37.887742
-2.109267,37.888108
-2.109338,37.888474
-2.109408,37.888840
-2.109479,37.889205
-2.109550,37.889571
-2.109620,37.889936
-2.109691,37.890302
-2.109762,37.890667
-2.109832,37.891032
-2.109903,37.891397
-2.109973,37.891762
-2.110044,37.892127
-2.110115,37.892492
-2.110185,37.892856
-2.110256,37.893221
-2.110326,37.893585
-2.110397,37.893950
-2.110467,37.894314
-2.110538,37.894678
-2.110608,37.895042
-2.110679,37.895406
-2.110749,37.895770
-2.110820,37.896133
-2.110890,37.896497
-2.110960,37.896860
-2.111031,37.897224
-2.111101,37.897587
-2.111172,37.897950
-2.111242,37.898313
-2.111312,37.898676
-2.111383,37.899039
-2.111453,37.899402
-2.111523,37.899764
-2.111593,37.900127
-2.111664,37.900489
-2.111734,37.900851
-2.111804,37.901214
-2.111874,37.901576
-2.111945,37.901938
-2.112015,37.902300
-2.112085,37.902661
-2.112155,37.903023
-2.112225,37.903385
-2.112296,37.903746
-2.112366,37.904107
-2.112436,37.904469
-2.112506,37.904830
-2.112576,37.905191
-2.112646,37.905552
-2.112716,37.905912
-2.112786,37.906273
-2.112856,37.906634
-2.112926,37.906994
-2.112996,37.907355
-2.113066,37.907715
-2.113136,37.908075
-2.113206,37.908435
-2.113276,37.908795
-2.113346,37.909155
-2.113416,37.909515
-2.113486,37.909874
-2.113556,37.910234
-2.113626,37.910593
-2.113696,37.910953
-2.113765,37.911312
-2.113835,37.911671
-2.113905,37.912030
-2.113975,37.912389
-2.114045,37.912748
-2.114114,37.913106
-2.114184,37.913465
-2.114254,37.913823
-2.114324,37.914182
-2.114393,37.914540
-2.114463,37.914898
-2.114533,37.915256
-2.114603,37.915614
-2.114672,37.915972
-2.114742,37.916330
-2.114812,37.916687
-2.114881,37.917045
-2.114951,37.917402
-2.115020,37.917759
-2.115090,37.918117
-2.115160,37.918474
-2.115229,37.918831
-2.115299,37.919187
-2.115368,37.919544
-2.115438,37.919901
-2.115507,37.920257
-2.115577,37.920614
-2.115646,37.920970
-2.115716,37.921326
-2.115785,37.921682
-2.115855,37.922039
-2.115924,37.922394
-2.115993,37.922750
-2.116063,37.923106
-2.116132,37.923461
-2.116202,37.923817
-2.116271,37.924172
-2.116340,37.924528
-2.116410,37.924883
-2.116479,37.925238
-2.116548,37.925593
-2.116617,37.925948
-2.116687,37.926302
-2.116756,37.926657
-2.116825,37.927011
-2.116894,37.927366
-2.116964,37.927720
-2.117033,37.928074
-2.117102,37.928428
-2.117171,37.928782
-2.117240,37.929136
-2.117309,37.929490
-2.117379,37.929844
-2.117448,37.930197
-2.117517,37.930551
-2.117586,37.930904
-2.117655,37.931257
-2.117724,37.931610
-2.117793,37.931963
-2.117862,37.932316
-2.117931,37.932669
-2.118000,37.933022
-2.118069,37.933374
-2.118138,37.933727
-2.118207,37.934079
-2.118276,37.934431
-2.118345,37.934784
-2.118414,37.935136
-2.118483,37.935487
-2.118552,37.935839
-2.118620,37.936191
-2.118689,37.936543
-2.118758,37.936894
-2.118827,37.937246
-2.118896,37.937597
-2.118965,37.937948
-2.119033,37.938299
-2.119102,37.938650
-2.119171,37.939001
-2.119240,37.939352
-2.119308,37.939702
-2.119377,37.940053
-2.119446,37.940403
-2.119514,37.940754
-2.119583,37.941104
-2.119652,37.941454
-2.119720,37.941804
-2.119789,37.942154
-2.119858,37.942504
-2.119926,37.942853
-2.119995,37.943203
-2.120063,37.943552
-2.120132,37.943902
-2.120201,37.944251
-2.120269,37.944600
-2.120338,37.944949
-2.120406,37.945298
-2.120475,37.945647
-2.120543,37.945996
-2.120611,37.946344
-2.120680,37.946693
-2.120748,37.947041
-2.120817,37.947389
-2.120885,37.947738
-2.120954,37.948086
-2.121022,37.948434
-2.121090,37.948781
-2.121159,37.949129
-2.121227,37.949477
-2.121295,37.949824
-2.121364,37.950172
-2.121432,37.950519
-2.121500,37.950866
-2.121568,37.951213
-2.121637,37.951560
-2.121705,37.951907
-2.121773,37.952254
-2.121841,37.952601
-2.121909,37.952947
-2.121978,37.953294
-2.122046,37.953640
-2.122114,37.953986
-2.122182,37.954332
-2.122250,37.954678
-2.122318,37.955024
-2.122386,37.955370
-2.122454,37.955716
-2.122522,37.956061
-2.122590,37.956407
-2.122658,37.956752
-2.122726,37.957098
-2.122794,37.957443
-2.122862,37.957788
-2.122930,37.958133
-2.122998,37.958477
-2.123066,37.958822
-2.123134,37.959167
-2.123202,37.959511
-2.123270,37.959856
-2.123338,37.960200
-2.123406,37.960544
-2.123474,37.960888
-2.123541,37.961232
-2.123609,37.961576
-2.123677,37.961920
-2.123745,37.962263
-2.123813,37.962607
-2.123880,37.962950
-2.123948,37.963294
-2.124016,37.963637
-2.124084,37.963980
-2.124151,37.964323
-2.124219,37.964666
-2.124287,37.965009
-2.124354,37.965351
-2.124422,37.965694
-2.124490,37.966036
-2.124557,37.966379
-2.124625,37.966721
-2.124692,37.967063
-2.124760,37.967405
-2.124828,37.967747
-2.124895,37.968089
-2.124963,37.968430
-2.125030,37.968772
-2.125098,37.969113
-2.125165,37.969455
-2.125233,37.969796
-2.125300,37.970137
-2.125367,37.970478
-2.125435,37.970819
-2.125502,37.971160
-2.125570,37.971501
-2.125637,37.971841
-2.125704,37.972182
-2.125772,37.972522
-2.125839,37.972863
-2.125906,37.973203
-2.125974,37.973543
-2.126041,37.973883
-2.126108,37.974223
-2.126176,37.974562
-2.126243,37.974902
-2.126310,37.975241
-2.126377,37.975581
-2.126444,37.975920
-2.126512,37.976259
-2.126579,37.976598
-2.126646,37.976937
-2.126713,37.977276
-2.126780,37.977615
-2.126847,37.977954
-2.126915,37.978292
-2.126982,37.978631
-2.127049,37.978969
-2.127116,37.979307
-2.127183,37.979645
-2.127250,37.979983
-2.127317,37.980321
-2.127384,37.980659
-2.127451,37.980997
-2.127518,37.981334
-2.127585,37.981672
-2.127652,37.982009
-2.127719,37.982346
-2.127785,37.982683
-2.127852,37.983020
-2.127919,37.983357
-2.127986,37.983694
-2.128053,37.984031
-2.128120,37.984367
-2.128187,37.984704
-2.128253,37.985040
-2.128320,37.985376
-2.128387,37.985712
-2.128454,37.986049
-2.128520,37.986384
-2.128587,37.986720
-2.128654,37.987056
-2.128721,37.987392
-2.128787,37.987727
-2.128854,37.988062
-2.128921,37.988398
-2.128987,37.988733
-2.129054,37.989068
-2.129120,37.989403
-2.129187,37.989738
-2.129254,37.990072
-2.129320,37.990407
-2.129387,37.990742
-2.129453,37.991076
-2.129520,37.991410
-2.129586,37.991744
-2.129653,37.992078
-2.129719,37.992412
-2.129786,37.992746
-2.129852,37.993080
-2.129919,37.993414
-2.129985,37.993747
-2.130051,37.994081
-2.130118,37.994414
-2.130184,37.994747
-2.130251,37.995080
-2.130317,37.995413
-2.130383,37.995746
-2.130450,37.996079
-2.130516,37.996411
-2.130582,37.996744
-2.130648,37.997076
-2.130715,37.997409
-2.130781,37.997741
-2.130847,37.998073
-2.130913,37.998405
-2.130979,37.998737
-2.131046,37.999069
-2.131112,37.999400
-2.131178,37.999732
-2.131244,38.000063
-2.131310,38.000395
-2.131376,38.000726
-2.131442,38.001057
-2.131508,38.001388
-2.131574,38.001719
-2.131640,38.002050
-2.131707,38.002380
-2.131773,38.002711
-2.131839,38.003041
-2.131904,38.003372
-2.131970,38.003702
-2.132036,38.004032
-2.132102,38.004362
-2.132168,38.004692
-2.132234,38.005022
-2.132300,38.005351
-2.132366,38.005681
-2.132432,38.006010
-2.132498,38.006340
-2.132563,38.006669
-2.132629,38.006998
-2.132695,38.007327
-2.132761,38.007656
-2.132827,38.007985
-2.132892,38.008314
-2.132958,38.008642
-2.133024,38.008971
-2.133089,38.009299
-2.133155,38.009627
-2.133221,38.009955
-2.133286,38.010283
-2.133352,38.010611
-2.133418,38.010939
-2.133483,38.011267
-2.133549,38.011594
-2.133615,38.011922
-2.133680,38.012249
-2.133746,38.012577
-2.133811,38.012904
-2.133877,38.013231
-2.133942,38.013558
-2.134008,38.013885
-2.134073,38.014211
-2.134139,38.014538
-2.134204,38.014864
-2.134269,38.015191
-2.134335,38.015517
-2.134400,38.015843
-2.134466,38.016169
-2.134531,38.016495
-2.134596,38.016821
-2.134662,38.017147
-2.134727,38.017472
-2.134792,38.017798
-2.134858,38.018123
-2.134923,38.018449
-2.134988,38.018774
-2.135053,38.019099
-2.135119,38.019424
-2.135184,38.019749
-2.135249,38.020073
-2.135314,38.020398
-2.135379,38.020722
-2.135444,38.021047
-2.135510,38.021371
-2.135575,38.021695
-2.135640,38.022019
-2.135705,38.022343
-2.135770,38.022667
-2.135835,38.022991
-2.135900,38.023314
-2.135965,38.023638
-2.136030,38.023961
-2.136095,38.024285
-2.136160,38.024608
-2.136225,38.024931
-2.136290,38.025254
-2.136355,38.025577
-2.136420,38.025900
-2.136485,38.026222
-2.136550,38.026545
-2.136614,38.026867
-2.136679,38.027189
-2.136744,38.027512
-2.136809,38.027834
-2.136874,38.028156
-2.136939,38.028477
-2.137003,38.028799
-2.137068,38.029121
-2.137133,38.029442
-2.137198,38.029764
-2.137262,38.030085
-2.137327,38.030406
-2.137392,38.030727
-2.137456,38.031048
-2.137521,38.031369
-2.137586,38.031690
-2.137650,38.032011
-2.137715,38.032331
-2.137779,38.032651
-2.137844,38.032972
-2.137909,38.033292
-2.137973,38.033612
-2.138038,38.033932
-2.138102,38.034252
-2.138167,38.034572
-2.138231,38.034891
-2.138296,38.035211
-2.138360,38.035530
-2.138424,38.035849
-2.138489,38.036169
-2.138553,38.036488
-2.138618,38.036807
-2.138682,38.037126
-2.138746,38.037444
-2.138811,38.037763
-2.138875,38.038081
-2.138939,38.038400
-2.139004,38.038718
-2.139068,38.039036
-2.139132,38.039354
-2.139196,38.039672
-2.139261,38.039990
-2.139325,38.040308
-2.139389,38.040626
-2.139453,38.040943
-2.139517,38.041261
-2.139581,38.041578
-2.139646,38.041895
-2.139710,38.042212
-2.139774,38.042529
-2.139838,38.042846
-2.139902,38.043163
-2.139966,38.043479
-2.140030,38.043796
-2.140094,38.044112
-2.140158,38.044429
-2.140222,38.044745
-2.140286,38.045061
-2.140350,38.045377
-2.140414,38.045693
-2.140478,38.046008
-2.140542,38.046324
-2.140606,38.046640
-2.140670,38.046955
-2.140733,38.047270
-2.140797,38.047585
-2.140861,38.047901
-2.140925,38.048215
-2.140989,38.048530
-2.141052,38.048845
-2.141116,38.049160
-2.141180,38.049474
-2.141244,38.049789
-2.141307,38.050103
-2.141371,38.050417
-2.141435,38.050731
-2.141498,38.051045
-2.141562,38.051359
-2.141626,38.051673
-2.141689,38.051986
-2.141753,38.052300
-2.141817,38.052613
-2.141880,38.052926
-2.141944,38.053240
-2.142007,38.053553
-2.142071,38.053866
-2.142134,38.054178
-2.142198,38.054491
-2.142261,38.054804
-2.142325,38.055116
-2.142388,38.055429
-2.142452,38.055741
-2.142515,38.056053
-2.142578,38.056365
-2.142642,38.056677
-2.142705,38.056989
-2.142768,38.057301
-2.142832,38.057612
-2.142895,38.057924
-2.142958,38.058235
-2.143022,38.058546
-2.143085,38.058858
-2.143148,38.059169
-2.143211,38.059480
-2.143275,38.059790
-2.143338,38.060101
-2.143401,38.060412
-2.143464,38.060722
-2.143527,38.061033
-2.143590,38.061343
-2.143654,38.061653
-2.143717,38.061963
-2.143780,38.062273
-2.143843,38.062583
-2.143906,38.062892
-2.143969,38.063202
-2.144032,38.063511
-2.144095,38.063821
-2.144158,38.064130
-2.144221,38.064439
-2.144284,38.064748
-2.144347,38.065057
-2.144410,38.065366
-2.144473,38.065675
-2.144536,38.065983
-2.144598,38.066292
-2.144661,38.066600
-2.144724,38.066908
-2.144787,38.067216
-2.144850,38.067524
-2.144913,38.067832
-2.144975,38.068140
-2.145038,38.068448
-2.145101,38.068755
-2.145164,38.069063
-2.145226,38.069370
-2.145289,38.069677
-2.145352,38.069984
-2.145414,38.070291
-2.145477,38.070598
-2.145540,38.070905
-2.145602,38.071212
-2.145665,38.071518
-2.145727,38.071825
-2.145790,38.072131
-2.145853,38.072437
-2.145915,38.072743
-2.145978,38.073049
-2.146040,38.073355
-2.146103,38.073661
-2.146165,38.073967
-2.146228,38.074272
-2.146290,38.074578
-2.146352,38.074883
-2.146415,38.075188
-2.146477,38.075493
-2.146540,38.075798
-2.146602,38.076103
-2.146664,38.076408
-2.146727,38.076712
-2.146789,38.077017
-2.146851,38.077321
-2.146913,38.077625
-2.146976,38.077930
-2.147038,38.078234
-2.147100,38.078538
-2.147162,38.078842
-2.147225,38.079145
-2.147287,38.079449
-2.147349,38.079752
-2.147411,38.080056
-2.147473,38.080359
-2.147535,38.080662
-2.147597,38.080965
-2.147659,38.081268
-2.147721,38.081571
-2.147783,38.081874
-2.147845,38.082176
-2.147908,38.082479
-2.147969,38.082781
-2.148031,38.083083
-2.148093,38.083385
-2.148155,38.083687
-2.148217,38.083989
-2.148279,38.084291
-2.148341,38.084593
-2.148403,38.084894
-2.148465,38.085196
-2.148527,38.085497
-2.148588,38.085799
-2.148650,38.086100
-2.148712,38.086401
-2.148774,38.086702
-2.148836,38.087002
-2.148897,38.087303
-2.148959,38.087604
-2.149021,38.087904
-2.149082,38.088204
-2.149144,38.088504
-2.149206,38.088805
-2.149267,38.089105
-2.149329,38.089404
-2.149391,38.089704
-2.149452,38.090004
-2.149514,38.090303
-2.149575,38.090603
-2.149637,38.090902
-2.149698,38.091201
-2.149760,38.091500
-2.149821,38.091799
-2.149883,38.092098
-2.149944,38.092397
-2.150006,38.092695
-2.150067,38.092994
-2.150129,38.093292
-2.150190,38.093591
-2.150251,38.093889
-2.150313,38.094187
-2.150374,38.094485
-2.150435,38.094783
-2.150497,38.095080
-2.150558,38.095378
-2.150619,38.095675
-2.150680,38.095973
-2.150742,38.096270
-2.150803,38.096567
-2.150864,38.096864
-2.150925,38.097161
-2.150986,38.097458
-2.151048,38.097755
-2.151109,38.098051
-2.151170,38.098348
-2.151231,38.098644
-2.151292,38.098940
-2.151353,38.099236
-2.151414,38.099532
-2.151475,38.099828
-2.151536,38.100124
-2.151597,38.100420
-2.151658,38.100715
-2.151719,38.101011
-2.151780,38.101306
-2.151841,38.101601
-2.151902,38.101896
-2.151963,38.102191
-2.152024,38.102486
-2.152085,38.102781
-2.152145,38.103075
-2.152206,38.103370
-2.152267,38.103664
-2.152328,38.103958
-2.152389,38.104253
-2.152449,38.104547
-2.152510,38.104841
-2.152571,38.105134
-2.152632,38.105428
-2.152692,38.105722
-2.152753,38.106015
-2.152814,38.106309
-2.152874,38.106602
-2.152935,38.106895
-2.152995,38.107188
-2.153056,38.107481
-2.153117,38.107774
-2.153177,38.108066
-2.153238,38.108359
-2.153298,38.108651
-2.153359,38.108944
-2.153419,38.109236
-2.153480,38.109528
-2.153540,38.109820
-2.153601,38.110112
-2.153661,38.110404
-2.153721,38.110695
-2.153782,38.110987
-2.153842,38.111278
-2.153903,38.111570
-2.153963,38.111861
-2.154023,38.112152
-2.154083,38.112443
-2.154144,38.112734
-2.154204,38.113024
-2.154264,38.113315
-2.154324,38.113605
-2.154385,38.113896
-2.154445,38.114186
-2.154505,38.114476
-2.154565,38.114766
-2.154625,38.115056
-2.154685,38.115346
-2.154746,38.115636
-2.154806,38.115925
-2.154866,38.116215
-2.154926,38.116504
-2.154986,38.116793
-2.155046,38.117082
-2.155106,38.117371
-2.155166,38.117660
-2.155226,38.117949
-2.155286,38.118238
-2.155346,38.118526
-2.155406,38.118815
-2.155466,38.119103
-2.155525,38.119391
-2.155585,38.119679
-2.155645,38.119967
-2.155705,38.120255
-2.155765,38.120543
-2.155825,38.120830
-2.155884,38.121118
-2.155944,38.121405
-2.156004,38.121693
-2.156064,38.121980
-2.156123,38.122267
-2.156183,38.122554
-2.156243,38.122841
-2.156302,38.123127
-2.156362,38.123414
-2.156422,38.123700
-2.156481,38.123987
-2.156541,38.124273
-2.156600,38.124559
-2.156660,38.124845
-2.156719,38.125131
-2.156779,38.125417
-2.156838,38.125702
-2.156898,38.125988
-2.156957,38.126273
-2.157017,38.126559
-2.157076,38.126844
-2.157136,38.127129
-2.157195,38.127414
-2.157254,38.127699
-2.157314,38.127983
-2.157373,38.128268
-2.157432,38.128552
-2.157492,38.128837
-2.157551,38.129121
-2.157610,38.129405
-2.157669,38.129689
-2.157729,38.129973
-2.157788,38.130257
-2.157847,38.130541
-2.157906,38.130824
-2.157965,38.131108
-2.158025,38.131391
-2.158084,38.131674
-2.158143,38.131957
-2.158202,38.132240
-2.158261,38.132523
-2.158320,38.132806
-2.158379,38.133089
-2.158438,38.133371
-2.158497,38.133654
-2.158556,38.133936
-2.158615,38.134218
-2.158674,38.134500
-2.158733,38.134782
-2.158792,38.135064
-2.158851,38.135346
-2.158910,38.135627
-2.158968,38.135909
-2.159027,38.136190
-2.159086,38.136471
-2.159145,38.136752
-2.159204,38.137033
-2.159263,38.137314
-2.159321,38.137595
-2.159380,38.137876
-2.159439,38.138156
-2.159497,38.138437
-2.159556,38.138717
-2.159615,38.138997
-2.159673,38.139277
-2.159732,38.139557
-2.159791,38.139837
-2.159849,38.140117
-2.159908,38.140396
-2.159966,38.140676
-2.160025,38.140955
-2.160083,38.141235
-2.160142,38.141514
-2.160200,38.141793
-2.160259,38.142072
-2.160317,38.142350
-2.160376,38.142629
-2.160434,38.142908
-2.160493,38.143186
-2.160551,38.143464
-2.160609,38.143743
-2.160668,38.144021
-2.160726,38.144299
-2.160784,38.144577
-2.160843,38.144854
-2.160901,38.145132
-2.160959,38.145410
-2.161017,38.145687
-2.161076,38.145964
-2.161134,38.146241
-2.161192,38.146518
-2.161250,38.146795
-2.161308,38.147072
-2.161366,38.147349
-2.161424,38.147625
-2.161483,38.147902
-2.161541,38.148178
-2.161599,38.148454
-2.161657,38.148731
-2.161715,38.149007
-2.161773,38.149282
-2.161831,38.149558
-2.161889,38.149834
-2.161947,38.150109
-2.162005,38.150385
-2.162062,38.150660
-2.162120,38.150935
-2.162178,38.151210
-2.162236,38.151485
-2.162294,38.151760
-2.162352,38.152035
-2.162409,38.152309
-2.162467,38.152584
-2.162525,38.152858
-2.162583,38.153132
-2.162641,38.153406
-2.162698,38.153680
-2.162756,38.153954
-2.162814,38.154228
-2.162871,38.154502
-2.162929,38.154775
-2.162986,38.155049
-2.163044,38.155322
-2.163102,38.155595
-2.163159,38.155868
-2.163217,38.156141
-2.163274,38.156414
-2.163332,38.156687
-2.163389,38.156959
-2.163447,38.157232
-2.163504,38.157504
-2.163562,38.157776
-2.163619,38.158048
-2.163676,38.158320
-2.163734,38.158592
-2.163791,38.158864
-2.163849,38.159136
-2.163906,38.159407
-2.163963,38.159679
-2.164020,38.159950
-2.164078,38.160221
-2.164135,38.160492
-2.164192,38.160763
-2.164249,38.161034
-2.164307,38.161305
-2.164364,38.161575
-2.164421,38.161846
-2.164478,38.162116
-2.164535,38.162386
-2.164592,38.162656
-2.164649,38.162926
-2.164706,38.163196
-2.164763,38.163466
-2.164820,38.163736
-2.164877,38.164005
-2.164934,38.164274
-2.164991,38.164544
-2.165048,38.164813
-2.165105,38.165082
-2.165162,38.165351
-2.165219,38.165620
-2.165276,38.165888
-2.165333,38.166157
-2.165390,38.166425
-2.165447,38.166694
-2.165503,38.166962
-2.165560,38.167230
-2.165617,38.167498
-2.165674,38.167766
-2.165730,38.168034
-2.165787,38.168301
-2.165844,38.168569
-2.165900,38.168836
-2.165957,38.169103
-2.166014,38.169371
-2.166070,38.169638
-2.166127,38.169904
-2.166184,38.170171
-2.166240,38.170438
-2.166297,38.170705
-2.166353,38.170971
-2.166410,38.171237
-2.166466,38.171503
-2.166523,38.171770
-2.166579,38.172036
-2.166636,38.172301
-2.166692,38.172567
-2.166748,38.172833
-2.166805,38.173098
-2.166861,38.173364
-2.166917,38.173629
-2.166974,38.173894
-2.167030,38.174159
-2.167086,38.174424
-2.167143,38.174689
-2.167199,38.174953
-2.167255,38.175218
-2.167311,38.175482
-2.167367,38.175747
-2.167424,38.176011
-2.167480,38.176275
-2.167536,38.176539
-2.167592,38.176803
-2.167648,38.177066
-2.167704,38.177330
-2.167760,38.177593
-2.167816,38.177857
-2.167872,38.178120
-2.167928,38.178383
-2.167984,38.178646
-2.168040,38.178909
-2.168096,38.179172
-2.168152,38.179434
-2.168208,38.179697
-2.168264,38.179959
-2.168320,38.180221
-2.168376,38.180483
-2.168431,38.180746
-2.168487,38.181007
-2.168543,38.181269
-2.168599,38.181531
-2.168654,38.181792
-2.168710,38.182054
-2.168766,38.182315
-2.168822,38.182576
-2.168877,38.182837
-2.168933,38.183098
-2.168989,38.183359
-2.169044,38.183620
-2.169100,38.183881
-2.169155,38.184141
-2.169211,38.184401
-2.169266,38.184662
-2.169322,38.184922
-2.169377,38.185182
-2.169433,38.185442
-2.169488,38.185701
-2.169544,38.185961
-2.169599,38.186221
-2.169655,38.186480
-2.169710,38.186739
-2.169765,38.186998
-2.169821,38.187257
-2.169876,38.187516
-2.169931,38.187775
-2.169987,38.188034
-2.170042,38.188292
-2.170097,38.188551
-2.170152,38.188809
-2.170208,38.189067
-2.170263,38.189325
-2.170318,38.189583
-2.170373,38.189841
-2.170428,38.190099
-2.170483,38.190356
-2.170539,38.190614
-2.170594,38.190871
-2.170649,38.191129
-2.170704,38.191386
-2.170759,38.191643
-2.170814,38.191900
-2.170869,38.192156
-2.170924,38.192413
-2.170979,38.192669
-2.171034,38.192926
-2.171088,38.193182
-2.171143,38.193438
-2.171198,38.193694
-2.171253,38.193950
-2.171308,38.194206
-2.171363,38.194462
-2.171417,38.194717
-2.171472,38.194973
-2.171527,38.195228
-2.171582,38.195483
-2.171636,38.195738
-2.171691,38.195993
-2.171746,38.196248
-2.171800,38.196503
-2.171855,38.196757
-2.171910,38.197012
-2.171964,38.197266
-2.172019,38.197520
-2.172073,38.197774
-2.172128,38.198028
-2.172182,38.198282
-2.172237,38.198536
-2.172291,38.198790
-2.172346,38.199043
-2.172400,38.199296
-2.172455,38.199550
-2.172509,38.199803
-2.172564,38.200056
-2.172618,38.200309
-2.172672,38.200561
-2.172727,38.200814
-2.172781,38.201067
-2.172835,38.201319
-2.172889,38.201571
-2.172944,38.201823
-2.172998,38.202076
-2.173052,38.202327
-2.173106,38.202579
-2.173160,38.202831
-2.173215,38.203082
-2.173269,38.203334
-2.173323,38.203585
-2.173377,38.203836
-2.173431,38.204088
-2.173485,38.204338
-2.173539,38.204589
-2.173593,38.204840
-2.173647,38.205091
-2.173701,38.205341
-2.173755,38.205591
-2.173809,38.205842
-2.173863,38.206092
-2.173917,38.206342
-2.173970,38.206592
-2.174024,38.206841
-2.174078,38.207091
-2.174132,38.207340
-2.174186,38.207590
-2.174239,38.207839
-2.174293,38.208088
-2.174347,38.208337
-2.174401,38.208586
-2.174454,38.208835
-2.174508,38.209083
-2.174562,38.209332
-2.174615,38.209580
-2.174669,38.209829
-2.174722,38.210077
-2.174776,38.210325
-2.174830,38.210573
-2.174883,38.210820
-2.174937,38.211068
-2.174990,38.211316
-2.175044,38.211563
-2.175097,38.211810
-2.175150,38.212058
-2.175204,38.212305
-2.175257,38.212552
-2.175311,38.212798
-2.175364,38.213045
-2.175417,38.213292
-2.175471,38.213538
-2.175524,38.213784
-2.175577,38.214031
-2.175630,38.214277
-2.175684,38.214523
-2.175737,38.214768
-2.175790,38.215014
-2.175843,38.215260
-2.175896,38.215505
-2.175949,38.215750
-2.176002,38.215996
-2.176056,38.216241
-2.176109,38.216486
-2.176162,38.216731
-2.176215,38.216975
-2.176268,38.217220
-2.176321,38.217464
-2.176374,38.217709
-2.176427,38.217953
-2.176479,38.218197
-2.176532,38.218441
-2.176585,38.218685
-2.176638,38.218929
-2.176691,38.219172
-2.176744,38.219416
-2.176797,38.219659
-2.176849,38.219902
-2.176902,38.220146
-2.176955,38.220389
-2.177008,38.220631
-2.177060,38.220874
-2.177113,38.221117
-2.177166,38.221359
-2.177218,38.221602
-2.177271,38.221844
-2.177323,38.222086
-2.177376,38.222328
-2.177429,38.222570
-2.177481,38.222812
-2.177534,38.223054
-2.177586,38.223295
-2.177639,38.223536
-2.177691,38.223778
-2.177744,38.224019
-2.177796,38.224260
-2.177848,38.224501
-2.177901,38.224742
-2.177953,38.224982
-2.178005,38.225223
-2.178058,38.225463
-2.178110,38.225704
-2.178162,38.225944
-2.178214,38.226184
-2.178267,38.226424
-2.178319,38.226664
-2.178371,38.226903
-2.178423,38.227143
-2.178475,38.227382
-2.178528,38.227621
-2.178580,38.227861
-2.178632,38.228100
-2.178684,38.228339
-2.178736,38.228577
-2.178788,38.228816
-2.178840,38.229055
-2.178892,38.229293
-2.178944,38.229532
-2.178996,38.229770
-2.179048,38.230008
-2.179100,38.230246
-2.179151,38.230484
-2.179203,38.230721
-2.179255,38.230959
-2.179307,38.231196
-2.179359,38.231434
-2.179411,38.231671
-2.179462,38.231908
-2.179514,38.232145
-2.179566,38.232382
-2.179617,38.232618
-2.179669,38.232855
-2.179721,38.233091
-2.179772,38.233328
-2.179824,38.233564
-2.179876,38.233800
-2.179927,38.234036
-2.179979,38.234272
-2.180030,38.234507
-2.180082,38.234743
-2.180133,38.234979
-2.180185,38.235214
-2.180236,38.235449
-2.180287,38.235684
-2.180339,38.235919
-2.180390,38.236154
-2.180442,38.236389
-2.180493,38.236623
-2.180544,38.236858
-2.180596,38.237092
-2.180647,38.237326
-2.180698,38.237560
-2.180749,38.237794
-2.180801,38.238028
-2.180852,38.238262
-2.180903,38.238496
-2.180954,38.238729
-2.181005,38.238962
-2.181056,38.239196
-2.181107,38.239429
-2.181158,38.239662
-2.181209,38.239894
-2.181260,38.240127
-2.181311,38.240360
-2.181362,38.240592
-2.181413,38.240825
-2.181464,38.241057
-2.181515,38.241289
-2.181566,38.241521
-2.181617,38.241753
-2.181668,38.241984
-2.181719,38.242216
-2.181769,38.242447
-2.181820,38.242679
-2.181871,38.242910
-2.181922,38.243141
-2.181973,38.243372
-2.182023,38.243603
-2.182074,38.243834
-2.182125,38.244064
-2.182175,38.244295
-2.182226,38.244525
-2.182276,38.244755
-2.182327,38.244985
-2.182378,38.245215
-2.182428,38.245445
-2.182479,38.245675
-2.182529,38.245904
-2.182580,38.246134
-2.182630,38.246363
-2.182680,38.246592
-2.182731,38.246821
-2.182781,38.247050
-2.182832,38.247279
-2.182882,38.247508
-2.182932,38.247736
-2.182983,38.247965
-2.183033,38.248193
-2.183083,38.248421
-2.183133,38.248650
-2.183183,38.248877
-2.183234,38.249105
-2.183284,38.249333
-2.183334,38.249561
-2.183384,38.249788
-2.183434,38.250015
-2.183484,38.250243
-2.183534,38.250470
-2.183584,38.250697
-2.183634,38.250923
-2.183684,38.251150
-2.183734,38.251377
-2.183784,38.251603
-2.183834,38.251829
-2.183884,38.252055
-2.183934,38.252282
-2.183984,38.252507
-2.184034,38.252733
-2.184084,38.252959
-2.184133,38.253184
-2.184183,38.253410
-2.184233,38.253635
-2.184283,38.253860
-2.184332,38.254085
-2.184382,38.254310
-2.184432,38.254535
-2.184481,38.254760
-2.184531,38.254984
-2.184581,38.255209
-2.184630,38.255433
-2.184680,38.255657
-2.184729,38.255881
-2.184779,38.256105
-2.184828,38.256329
-2.184878,38.256552
-2.184927,38.256776
-2.184977,38.256999
-2.185026,38.257223
-2.185075,38.257446
-2.185125,38.257669
-2.185174,38.257892
-2.185223,38.258114
-2.185273,38.258337
-2.185322,38.258560
-2.185371,38.258782
-2.185421,38.259004
-2.185470,38.259226
-2.185519,38.259448
-2.185568,38.259670
-2.185617,38.259892
-2.185666,38.260114
-2.185715,38.260335
-2.185765,38.260556
-2.185814,38.260778
-2.185863,38.260999
-2.185912,38.261220
-2.185961,38.261441
-2.186010,38.261661
-2.186059,38.261882
-2.186108,38.262102
-2.186156,38.262323
-2.186205,38.262543
-2.186254,38.262763
-2.186303,38.262983
-2.186352,38.263203
-2.186401,38.263422
-2.186449,38.263642
-2.186498,38.263861
-2.186547,38.264081
-2.186596,38.264300
-2.186644,38.264519
-2.186693,38.264738
-2.186742,38.264957
-2.186790,38.265175
-2.186839,38.265394
-2.186887,38.265612
-2.186936,38.265831
-2.186984,38.266049
-2.187033,38.266267
-2.187081,38.266485
-2.187130,38.266702
-2.187178,38.266920
-2.187227,38.267138
-2.187275,38.267355
-2.187323,38.267572
-2.187372,38.267789
-2.187420,38.268006
-2.187468,38.268223
-2.187517,38.268440
-2.187565,38.268657
-2.187613,38.268873
-2.187661,38.269089
-2.187710,38.269306
-2.187758,38.269522
-2.187806,38.269738
-2.187854,38.269954
-2.187902,38.270169
-2.187950,38.270385
-2.187998,38.270600
-2.188046,38.270816
-2.188094,38.271031
-2.188142,38.271246
-2.188190,38.271461
-2.188238,38.271676
-2.188286,38.271890
-2.188334,38.272105
-2.188382,38.272319
-2.188430,38.272534
-2.188478,38.272748
-2.188525,38.272962
-2.188573,38.273176
-2.188621,38.273390
-2.188669,38.273603
-2.188716,38.273817
-2.188764,38.274030
-2.188812,38.274243
-2.188859,38.274457
-2.188907,38.274670
-2.188955,38.274883
-2.189002,38.275095
-2.189050,38.275308
-2.189097,38.275520
-2.189145,38.275733
-2.189192,38.275945
-2.189240,38.276157
-2.189287,38.276369
-2.189335,38.276581
-2.189382,38.276793
-2.189429,38.277004
-2.189477,38.277216
-2.189524,38.277427
-2.189571,38.277638
-2.189619,38.277849
-2.189666,38.278060
-2.189713,38.278271
-2.189760,38.278482
-2.189808,38.278692
-2.189855,38.278903
-2.189902,38.279113
-2.189949,38.279323
-2.189996,38.279533
-2.190043,38.279743
-2.190090,38.279953
-2.190137,38.280162
-2.190184,38.280372
-2.190231,38.280581
-2.190278,38.280790
-2.190325,38.281000
-2.190372,38.281208
-2.190419,38.281417
-2.190466,38.281626
-2.190513,38.281835
-2.190559,38.282043
-2.190606,38.282251
-2.190653,38.282460
-2.190700,38.282668
-2.190746,38.282876
-2.190793,38.283083
-2.190840,38.283291
-2.190887,38.283499
-2.190933,38.283706
-2.190980,38.283913
-2.191026,38.284120
-2.191073,38.284328
-2.191119,38.284534
-2.191166,38.284741
-2.191212,38.284948
-2.191259,38.285154
-2.191305,38.285361
-2.191352,38.285567
-2.191398,38.285773
-2.191445,38.285979
-2.191491,38.286185
-2.191537,38.286391
-2.191584,38.286596
-2.191630,38.286802
-2.191676,38.287007
-2.191722,38.287212
-2.191769,38.287417
-2.191815,38.287622
-2.191861,38.287827
-2.191907,38.288031
-2.191953,38.288236
-2.191999,38.288440
-2.192045,38.288645
-2.192091,38.288849
-2.192138,38.289053
-2.192184,38.289257
-2.192229,38.289460
-2.192275,38.289664
-2.192321,38.289867
-2.192367,38.290071
-2.192413,38.290274
-2.192459,38.290477
-2.192505,38.290680
-2.192551,38.290883
-2.192596,38.291086
-2.192642,38.291288
-2.192688,38.291491
-2.192734,38.291693
-2.192779,38.291895
-2.192825,38.292097
-2.192871,38.292299
-2.192916,38.292501
-2.192962,38.292702
-2.193008,38.292904
-2.193053,38.293105
-2.193099,38.293306
-2.193144,38.293507
-2.193190,38.293708
-2.193235,38.293909
-2.193281,38.294110
-2.193326,38.294310
-2.193371,38.294511
-2.193417,38.294711
-2.193462,38.294911
-2.193507,38.295111
-2.193553,38.295311
-2.193598,38.295511
-2.193643,38.295711
-2.193688,38.295910
-2.193734,38.296110
-2.193779,38.296309
-2.193824,38.296508
-2.193869,38.296707
-2.193914,38.296906
-2.193959,38.297104
-2.194004,38.297303
-2.194049,38.297502
-2.194094,38.297700
-2.194139,38.297898
-2.194184,38.298096
-2.194229,38.298294
-2.194274,38.298492
-2.194319,38.298689
-2.194364,38.298887
-2.194409,38.299084
-2.194453,38.299281
-2.194498,38.299479
-2.194543,38.299676
-2.194588,38.299872
-2.194632,38.300069
-2.194677,38.300266
-2.194722,38.300462
-2.194766,38.300658
-2.194811,38.300855
-2.194856,38.301051
-2.194900,38.301247
-2.194945,38.301442
-2.194989,38.301638
-2.195034,38.301833
-2.195078,38.302029
-2.195123,38.302224
-2.195167,38.302419
-2.195211,38.302614
-2.195256,38.302809
-2.195300,38.303004
-2.195345,38.303198
-2.195389,38.303393
-2.195433,38.303587
-2.195477,38.303781
-2.195522,38.303975
-2.195566,38.304169
-2.195610,38.304363
-2.195654,38.304556
-2.195698,38.304750
-2.195742,38.304943
-2.195786,38.305137
-2.195830,38.305330
-2.195874,38.305523
-2.195918,38.305715
-2.195962,38.305908
-2.196006,38.306101
-2.196050,38.306293
-2.196094,38.306485
-2.196138,38.306678
-2.196182,38.306870
-2.196226,38.307061
-2.196270,38.307253
-2.196313,38.307445
-2.196357,38.307636
-2.196401,38.307828
-2.196445,38.308019
-2.196488,38.308210
-2.196532,38.308401
-2.196576,38.308592
-2.196619,38.308782
-2.196663,38.308973
-2.196706,38.309163
-2.196750,38.309353
-2.196793,38.309544
-2.196837,38.309733
-2.196880,38.309923
-2.196924,38.310113
-2.196967,38.310303
-2.197011,38.310492
-2.197054,38.310681
-2.197097,38.310871
-2.197141,38.311060
-2.197184,38.311248
-2.197227,38.311437
-2.197270,38.311626
-2.197314,38.311814
-2.197357,38.312003
-2.197400,38.312191
-2.197443,38.312379
-2.197486,38.312567
-2.197529,38.312755
-2.197572,38.312942
-2.197615,38.313130
-2.197658,38.313317
-2.197701,38.313505
-2.197744,38.313692
-2.197787,38.313879
-2.197830,38.314066
-2.197873,38.314252
-2.197916,38.314439
-2.197959,38.314625
-2.198001,38.314812
-2.198044,38.314998
-2.198087,38.315184
-2.198130,38.315370
-2.198172,38.315556
-2.198215,38.315741
-2.198258,38.315927
-2.198300,38.316112
-2.198343,38.316297
-2.198386,38.316482
-2.198428,38.316667
-2.198471,38.316852
-2.198513,38.317037
-2.198556,38.317221
-2.198598,38.317406
-2.198640,38.317590
-2.198683,38.317774
-2.198725,38.317958
-2.198768,38.318142
-2.198810,38.318326
-2.198852,38.318509
-2.198894,38.318693
-2.198937,38.318876
-2.198979,38.319059
-2.199021,38.319242
-2.199063,38.319425
-2.199105,38.319608
-2.199148,38.319791
-2.199190,38.319973
-2.199232,38.320155
-2.199274,38.320338
-2.199316,38.320520
-2.199358,38.320702
-2.199400,38.320883
-2.199442,38.321065
-2.199484,38.321246
-2.199525,38.321428
-2.199567,38.321609
-2.199609,38.321790
-2.199651,38.321971
-2.199693,38.322152
-2.199734,38.322333
-2.199776,38.322513
-2.199818,38.322694
-2.199860,38.322874
-2.199901,38.323054
-2.199943,38.323234
-2.199984,38.323414
-2.200026,38.323594
-2.200068,38.323773
-2.200109,38.323953
-2.200151,38.324132
-2.200192,38.324311
-2.200234,38.324490
-2.200275,38.324669
-2.200316,38.324848
-2.200358,38.325026
-2.200399,38.325205
-2.200440,38.325383
-2.200482,38.325561
-2.200523,38.325739
-2.200564,38.325917
-2.200605,38.326095
-2.200647,38.326273
-2.200688,38.326450
-2.200729,38.326628
-2.200770,38.326805
-2.200811,38.326982
-2.200852,38.327159
-2.200893,38.327336
-2.200934,38.327512
-2.200975,38.327689
-2.201016,38.327865
-2.201057,38.328041
-2.201098,38.328217
-2.201139,38.328393
-2.201179,38.328569
-2.201220,38.328745
-2.201261,38.328920
-2.201302,38.329096
-2.201343,38.329271
-2.201383,38.329446
-2.201424,38.329621
-2.201465,38.329796
-2.201505,38.329971
-2.201546,38.330145
-2.201586,38.330320
-2.201627,38.330494
-2.201667,38.330668
-2.201708,38.330842
-2.201748,38.331016
-2.201789,38.331190
-2.201829,38.331363
-2.201870,38.331537
-2.201910,38.331710
-2.201950,38.331883
-2.201991,38.332056
-2.202031,38.332229
-2.202071,38.332402
-2.202111,38.332574
-2.202152,38.332747
-2.202192,38.332919
-2.202232,38.333091
-2.202272,38.333263
-2.202312,38.333435
-2.202352,38.333607
-2.202392,38.333779
-2.202432,38.333950
-2.202472,38.334122
-2.202512,38.334293
-2.202552,38.334464
-2.202592,38.334635
-2.202632,38.334805
-2.202672,38.334976
-2.202712,38.335147
-2.202751,38.335317
-2.202791,38.335487
-2.202831,38.335657
-2.202871,38.335827
-2.202910,38.335997
-2.202950,38.336166
-2.202990,38.336336
-2.203029,38.336505
-2.203069,38.336674
-2.203108,38.336844
-2.203148,38.337012
-2.203187,38.337181
-2.203227,38.337350
-2.203266,38.337518
-2.203306,38.337687
-2.203345,38.337855
-2.203384,38.338023
-2.203424,38.338191
-2.203463,38.338359
-2.203502,38.338526
-2.203542,38.338694
-2.203581,38.338861
-2.203620,38.339028
-2.203659,38.339196
-2.203698,38.339362
-2.203737,38.339529
-2.203776,38.339696
-2.203815,38.339862
-2.203855,38.340029
-2.203894,38.340195
-2.203932,38.340361
-2.203971,38.340527
-2.204010,38.340693
-2.204049,38.340858
-2.204088,38.341024
-2.204127,38.341189
-2.204166,38.341354
-2.204205,38.341520
-2.204243,38.341684
-2.204282,38.341849
-2.204321,38.342014
-2.204359,38.342178
-2.204398,38.342343
-2.204437,38.342507
-2.204475,38.342671
-2.204514,38.342835
-2.204552,38.342999
-2.204591,38.343162
-2.204629,38.343326
-2.204668,38.343489
-2.204706,38.343652
-2.204744,38.343815
-2.204783,38.343978
-2.204821,38.344141
-2.204859,38.344304
-2.204898,38.344466
-2.204936,38.344629
-2.204974,38.344791
-2.205012,38.344953
-2.205051,38.345115
-2.205089,38.345277
-2.205127,38.345438
-2.205165,38.345600
-2.205203,38.345761
-2.205241,38.345922
-2.205279,38.346083
-2.205317,38.346244
-2.205355,38.346405
-2.205393,38.346565
-2.205431,38.346726
-2.205469,38.346886
-2.205506,38.347046
-2.205544,38.347206
-2.205582,38.347366
-2.205620,38.347526
-2.205657,38.347686
-2.205695,38.347845
-2.205733,38.348004
-2.205770,38.348164
-2.205808,38.348323
-2.205845,38.348481
-2.205883,38.348640
-2.205921,38.348799
-2.205958,38.348957
-2.205995,38.349115
-2.206033,38.349274
-2.206070,38.349432
-2.206108,38.349589
-2.206145,38.349747
-2.206182,38.349905
-2.206220,38.350062
-2.206257,38.350219
-2.206294,38.350376
-2.206331,38.350533
-2.206368,38.350690
-2.206406,38.350847
-2.206443,38.351003
-2.206480,38.351160
-2.206517,38.351316
-2.206554,38.351472
-2.206591,38.351628
-2.206628,38.351784
-2.206665,38.351939
-2.206702,38.352095
-2.206739,38.352250
-2.206775,38.352406
-2.206812,38.352561
-2.206849,38.352716
-2.206886,38.352870
-2.206922,38.353025
-2.206959,38.353179
-2.206996,38.353334
-2.207033,38.353488
-2.207069,38.353642
-2.207106,38.353796
-2.207142,38.353950
-2.207179,38.354103
-2.207215,38.354257
-2.207252,38.354410
-2.207288,38.354563
-2.207325,38.354716
-2.207361,38.354869
-2.207397,38.355022
-2.207434,38.355174
-2.207470,38.355327
-2.207506,38.355479
-2.207542,38.355631
-2.207579,38.355783
-2.207615,38.355935
-2.207651,38.356086
-2.207687,38.356238
-2.207723,38.356389
-2.207759,38.356540
-2.207795,38.356692
-2.207831,38.356842
-2.207867,38.356993
-2.207903,38.357144
-2.207939,38.357294
-2.207975,38.357445
-2.208011,38.357595
-2.208047,38.357745
-2.208082,38.357895
-2.208118,38.358044
-2.208154,38.358194
-2.208190,38.358344
-2.208225,38.358493
-2.208261,38.358642
-2.208297,38.358791
-2.208332,38.358940
-2.208368,38.359088
-2.208403,38.359237
-2.208439,38.359385
-2.208474,38.359534
-2.208510,38.359682
-2.208545,38.359830
-2.208580,38.359977
-2.208616,38.360125
-2.208651,38.360273
-2.208686,38.360420
-2.208722,38.360567
-2.208757,38.360714
-2.208792,38.360861
-2.208827,38.361008
-2.208862,38.361154
-2.208897,38.361301
-2.208932,38.361447
-2.208967,38.361593
-2.209002,38.361739
-2.209037,38.361885
-2.209072,38.362031
-2.209107,38.362176
-2.209142,38.362322
-2.209177,38.362467
-2.209212,38.362612
-2.209247,38.362757
-2.209281,38.362902
-2.209316,38.363046
-2.209351,38.363191
-2.209386,38.363335
-2.209420,38.363479
-2.209455,38.363623
-2.209489,38.363767
-2.209524,38.363911
-2.209558,38.364055
-2.209593,38.364198
-2.209627,38.364341
-2.209662,38.364484
-2.209696,38.364627
-2.209731,38.364770
-2.209765,38.364913
-2.209799,38.365055
-2.209834,38.365198
-2.209868,38.365340
-2.209902,38.365482
-2.209936,38.365624
-2.209970,38.365766
-2.210004,38.365907
-2.210038,38.366049
-2.210073,38.366190
-2.210107,38.366331
-2.210141,38.366472
-2.210175,38.366613
-2.210208,38.366754
-2.210242,38.366894
-2.210276,38.367034
-2.210310,38.367175
-2.210344,38.367315
-2.210378,38.367455
-2.210411,38.367594
-2.210445,38.367734
-2.210479,38.367873
-2.210512,38.368013
-2.210546,38.368152
-2.210580,38.368291
-2.210613,38.368430
-2.210647,38.368568
-2.210680,38.368707
-2.210714,38.368845
-2.210747,38.368984
-2.210781,38.369122
-2.210814,38.369260
-2.210847,38.369397
-2.210881,38.369535
-2.210914,38.369672
-2.210947,38.369810
-2.210980,38.369947
-2.211013,38.370084
-2.211047,38.370221
-2.211080,38.370357
-2.211113,38.370494
-2.211146,38.370630
-2.211179,38.370766
-2.211212,38.370903
-2.211245,38.371038
-2.211278,38.371174
-2.211311,38.371310
-2.211344,38.371445
-2.211376,38.371581
-2.211409,38.371716
-2.211442,38.371851
-2.211475,38.371985
-2.211507,38.372120
-2.211540,38.372255
-2.211573,38.372389
-2.211605,38.372523
-2.211638,38.372657
-2.211670,38.372791
-2.211703,38.372925
-2.211735,38.373058
-2.211768,38.373192
-2.211800,38.373325
-2.211833,38.373458
-2.211865,38.373591
-2.211897,38.373724
-2.211929,38.373857
-2.211962,38.373989
-2.211994,38.374121
-2.212026,38.374254
-2.212058,38.374386
-2.212090,38.374517
-2.212122,38.374649
-2.212155,38.374781
-2.212187,38.374912
-2.212219,38.375043
-2.212251,38.375174
-2.212282,38.375305
-2.212314,38.375436
-2.212346,38.375567
-2.212378,38.375697
-2.212410,38.375827
-2.212442,38.375958
-2.212473,38.376087
-2.212505,38.376217
-2.212537,38.376347
-2.212568,38.376476
-2.212600,38.376606
-2.212631,38.376735
-2.212663,38.376864
-2.212694,38.376993
-2.212726,38.377122
-2.212757,38.377250
-2.212789,38.377378
-2.212820,38.377507
-2.212851,38.377635
-2.212883,38.377763
-2.212914,38.377890
-2.212945,38.378018
-2.212976,38.378145
-2.213008,38.378273
-2.213039,38.378400
-2.213070,38.378527
-2.213101,38.378654
-2.213132,38.378780
-2.213163,38.378907
-2.213194,38.379033
-2.213225,38.379159
-2.213256,38.379285
-2.213287,38.379411
-2.213317,38.379537
-2.213348,38.379662
-2.213379,38.379788
-2.213410,38.379913
-2.213440,38.380038
-2.213471,38.380163
-2.213502,38.380287
-2.213532,38.380412
-2.213563,38.380536
-2.213593,38.380661
-2.213624,38.380785
-2.213654,38.380909
-2.213685,38.381032
-2.213715,38.381156
-2.213745,38.381279
-2.213776,38.381403
-2.213806,38.381526
-2.213836,38.381649
-2.213866,38.381771
-2.213897,38.381894
-2.213927,38.382017
-2.213957,38.382139
-2.213987,38.382261
-2.214017,38.382383
-2.214047,38.382505
-2.214077,38.382626
-2.214107,38.382748
-2.214137,38.382869
-2.214167,38.382990
-2.214197,38.383111
-2.214226,38.383232
-2.214256,38.383353
-2.214286,38.383473
-2.214316,38.383594
-2.214345,38.383714
-2.214375,38.383834
-2.214405,38.383954
-2.214434,38.384074
-2.214464,38.384193
-2.214493,38.384312
-2.214523,38.384432
-2.214552,38.384551
-2.214581,38.384670
-2.214611,38.384788
-2.214640,38.384907
-2.214669,38.385025
-2.214699,38.385144
-2.214728,38.385262
-2.214757,38.385379
-2.214786,38.385497
-2.214815,38.385615
-2.214844,38.385732
-2.214873,38.385849
-2.214902,38.385967
-2.214931,38.386083
-2.214960,38.386200
-2.214989,38.386317
-2.215018,38.386433
-2.215047,38.386549
-2.215076,38.386666
-2.215104,38.386781
-2.215133,38.386897
-2.215162,38.387013
-2.215190,38.387128
-2.215219,38.387244
-2.215248,38.387359
-2.215276,38.387474
-2.215305,38.387588
-2.215333,38.387703
-2.215362,38.387817
-2.215390,38.387932
-2.215418,38.388046
-2.215447,38.388160
-2.215475,38.388273
-2.215503,38.388387
-2.215531,38.388500
-2.215560,38.388614
-2.215588,38.388727
-2.215616,38.388840
-2.215644,38.388953
-2.215672,38.389065
-2.215700,38.389178
-2.215728,38.389290
-2.215756,38.389402
-2.215784,38.389514
-2.215812,38.389626
-2.215840,38.389737
-2.215867,38.389849
-2.215895,38.389960
-2.215923,38.390071
-2.215950,38.390182
-2.215978,38.390293
-2.216006,38.390403
-2.216033,38.390514
-2.216061,38.390624
-2.216088,38.390734
-2.216116,38.390844
-2.216143,38.390954
-2.216171,38.391063
-2.216198,38.391173
-2.216225,38.391282
-2.216252,38.391391
-2.216280,38.391500
-2.216307,38.391609
-2.216334,38.391717
-2.216361,38.391826
-2.216388,38.391934
-2.216415,38.392042
-2.216442,38.392150
-2.216469,38.392257
-2.216496,38.392365
-2.216523,38.392472
-2.216550,38.392580
-2.216577,38.392687
-2.216604,38.392793
-2.216630,38.392900
-2.216657,38.393007
-2.216684,38.393113
-2.216710,38.393219
-2.216737,38.393325
-2.216764,38.393431
-2.216790,38.393537
-2.216817,38.393642
-2.216843,38.393748
-2.216870,38.393853
-2.216896,38.393958
-2.216922,38.394062
-2.216949,38.394167
-2.216975,38.394272
-2.217001,38.394376
-2.217027,38.394480
-2.217053,38.394584
-2.217079,38.394688
-2.217106,38.394791
-2.217132,38.394895
-2.217158,38.394998
-2.217184,38.395101
-2.217209,38.395204
-2.217235,38.395307
-2.217261,38.395409
-2.217287,38.395512
-2.217313,38.395614
-2.217339,38.395716
-2.217364,38.395818
-2.217390,38.395919
-2.217415,38.396021
-2.217441,38.396122
-2.217467,38.396223
-2.217492,38.396324
-2.217518,38.396425
-2.217543,38.396526
-2.217568,38.396626
-2.217594,38.396727
-2.217619,38.396827
-2.217644,38.396927
-2.217670,38.397027
-2.217695,38.397126
-2.217720,38.397226
-2.217745,38.397325
-2.217770,38.397424
-2.217795,38.397523
-2.217820,38.397621
-2.217845,38.397720
-2.217870,38.397818
-2.217895,38.397917
-2.217920,38.398015
-2.217944,38.398112
-2.217969,38.398210
-2.217994,38.398308
-2.218019,38.398405
-2.218043,38.398502
-2.218068,38.398599
-2.218092,38.398696
-2.218117,38.398792
-2.218141,38.398889
-2.218166,38.398985
-2.218190,38.399081
-2.218215,38.399177
-2.218239,38.399273
-2.218263,38.399368
-2.218287,38.399463
-2.218312,38.399559
-2.218336,38.399654
-2.218360,38.399748
-2.218384,38.399843
-2.218408,38.399937
-2.218432,38.400032
-2.218456,38.400126
-2.218480,38.400220
-2.218504,38.400313
-2.218528,38.400407
-2.218551,38.400500
-2.218575,38.400594
-2.218599,38.400687
-2.218623,38.400779
-2.218646,38.400872
-2.218670,38.400965
-2.218693,38.401057
-2.218717,38.401149
-2.218740,38.401241
-2.218764,38.401333
-2.218787,38.401424
-2.218810,38.401516
-2.218834,38.401607
-2.218857,38.401698
-2.218880,38.401789
-2.218903,38.401879
-2.218927,38.401970
-2.218950,38.402060
-2.218973,38.402150
-2.218996,38.402240
-2.219019,38.402330
-2.219042,38.402420
-2.219065,38.402509
-2.219087,38.402598
-2.219110,38.402687
-2.219133,38.402776
-2.219156,38.402865
-2.219178,38.402953
-2.219201,38.403041
-2.219224,38.403129
-2.219246,38.403217
-2.219269,38.403305
-2.219291,38.403393
-2.219314,38.403480
-2.219336,38.403567
-2.219358,38.403654
-2.219381,38.403741
-2.219403,38.403828
-2.219425,38.403914
-2.219447,38.404000
-2.219469,38.404086
-2.219492,38.404172
-2.219514,38.404258
-2.219536,38.404343
-2.219558,38.404429
-2.219580,38.404514
-2.219601,38.404599
-2.219623,38.404684
-2.219645,38.404768
-2.219667,38.404853
-2.219688,38.404937
-2.219710,38.405021
-2.219732,38.405105
-2.219753,38.405188
-2.219775,38.405272
-2.219796,38.405355
-2.219818,38.405438
-2.219839,38.405521
-2.219861,38.405604
-2.219882,38.405686
-2.219903,38.405769
-2.219924,38.405851
-2.219946,38.405933
-2.219967,38.406014
-2.219988,38.406096
-2.220009,38.406177
-2.220030,38.406258
-2.220051,38.406339
-2.220072,38.406420
-2.220093,38.406501
-2.220113,38.406581
-2.220134,38.406662
-2.220155,38.406742
-2.220176,38.406821
-2.220196,38.406901
-2.220217,38.406981
-2.220238,38.407060
-2.220258,38.407139
-2.220279,38.407218
-2.220299,38.407297
-2.220319,38.407375
-2.220340,38.407453
-2.220360,38.407532
-2.220380,38.407609
-2.220401,38.407687
-2.220421,38.407765
-2.220441,38.407842
-2.220461,38.407919
-2.220481,38.407996
-2.220501,38.408073
-2.220521,38.408150
-2.220541,38.408226
-2.220561,38.408302
-2.220580,38.408378
-2.220600,38.408454
-2.220620,38.408530
-2.220640,38.408605
-2.220659,38.408680
-2.220679,38.408755
-2.220698,38.408830
-2.220718,38.408905
-2.220737,38.408979
-2.220757,38.409053
-2.220776,38.409127
-2.220795,38.409201
-2.220814,38.409275
-2.220834,38.409348
-2.220853,38.409422
-2.220872,38.409495
-2.220891,38.409568
-2.220910,38.409640
-2.220929,38.409713
-2.220948,38.409785
-2.220967,38.409857
-2.220986,38.409929
-2.221004,38.410001
-2.221023,38.410072
-2.221042,38.410143
-2.221060,38.410214
-2.221079,38.410285
-2.221098,38.410356
-2.221116,38.410427
-2.221135,38.410497
-2.221153,38.410567
-2.221171,38.410637
-2.221190,38.410706
-2.221208,38.410776
-2.221226,38.410845
-2.221244,38.410914
-2.221262,38.410983
-2.221280,38.411052
-2.221298,38.411120
-2.221316,38.411189
-2.221334,38.411257
-2.221352,38.411324
-2.221370,38.411392
-2.221388,38.411460
-2.221406,38.411527
-2.221423,38.411594
-2.221441,38.411661
-2.221458,38.411727
-2.221476,38.411794
-2.221493,38.411860
-2.221511,38.411926
-2.221528,38.411992
-2.221546,38.412057
-2.221563,38.412123
-2.221580,38.412188
-2.221597,38.412253
-2.221615,38.412318
-2.221632,38.412382
-2.221649,38.412447
-2.221666,38.412511
-2.221683,38.412575
-2.221699,38.412639
-2.221716,38.412702
-2.221733,38.412766
-2.221750,38.412829
-2.221767,38.412892
-2.221783,38.412954
-2.221800,38.413017
-2.221816,38.413079
-2.221833,38.413141
-2.221849,38.413203
-2.221866,38.413265
-2.221882,38.413326
-2.221898,38.413388
-2.221915,38.413449
-2.221931,38.413510
-2.221947,38.413570
-2.221963,38.413631
-2.221979,38.413691
-2.221995,38.413751
-2.222011,38.413811
-2.222027,38.413870
-2.222043,38.413930
-2.222058,38.413989
-2.222074,38.414048
-2.222090,38.414106
-2.222105,38.414165
-2.222121,38.414223
-2.222136,38.414281
-2.222152,38.414339
-2.222167,38.414397
-2.222183,38.414454
-2.222198,38.414511
-2.222213,38.414568
-2.222228,38.414625
-2.222244,38.414682
-2.222259,38.414738
-2.222274,38.414794
-2.222289,38.414850
-2.222304,38.414906
-2.222318,38.414961
-2.222333,38.415017
-2.222348,38.415072
-2.222363,38.415126
-2.222377,38.415181
-2.222392,38.415236
-2.222407,38.415290
-2.222421,38.415344
-2.222436,38.415397
-2.222450,38.415451
-2.222464,38.415504
-2.222479,38.415557
-2.222493,38.415610
-2.222507,38.415663
-2.222521,38.415715
-2.222535,38.415767
-2.222549,38.415819
-2.222563,38.415871
-2.222577,38.415923
-2.222591,38.415974
-2.222605,38.416025
-2.222618,38.416076
-2.222632,38.416127
-2.222646,38.416177
-2.222659,38.416227
-2.222673,38.416277
-2.222686,38.416327
-2.222700,38.416376
-2.222713,38.416426
-2.222726,38.416475
-2.222739,38.416524
-2.222753,38.416572
-2.222766,38.416621
-2.222779,38.416669
-2.222792,38.416717
-2.222805,38.416764
-2.222818,38.416812
-2.222830,38.416859
-2.222843,38.416906
-2.222856,38.416953
-2.222869,38.416999
-2.222881,38.417046
-2.222894,38.417092
-2.222906,38.417138
-2.222919,38.417183
-2.222931,38.417229
-2.222943,38.417274
-2.222956,38.417319
-2.222968,38.417364
-2.222980,38.417408
-2.222992,38.417452
-2.223004,38.417496
-2.223016,38.417540
-2.223028,38.417584
-2.223040,38.417627
-2.223051,38.417670
-2.223063,38.417713
-2.223075,38.417755
-2.223086,38.417798
-2.223098,38.417840
-2.223109,38.417882
-2.223121,38.417923
-2.223132,38.417965
-2.223143,38.418006
-2.223155,38.418047
-2.223166,38.418088
-2.223177,38.418128
-2.223188,38.418168
-2.223199,38.418208
-2.223210,38.418248
-2.223221,38.418287
-2.223231,38.418327
-2.223242,38.418366
-2.223253,38.418404
-2.223263,38.418443
-2.223274,38.418481
-2.223284,38.418519
-2.223295,38.418557
-2.223305,38.418595
-2.223316,38.418632
-2.223326,38.418669
-2.223336,38.418706
-2.223346,38.418742
-2.223356,38.418779
-2.223366,38.418815
-2.223376,38.418850
-2.223386,38.418886
-2.223396,38.418921
-2.223405,38.418956
-2.223415,38.418991
-2.223425,38.419026
-2.223434,38.419060
-2.223444,38.419094
-2.223453,38.419128
-2.223462,38.419162
-2.223472,38.419195
-2.223481,38.419228
-2.223490,38.419261
-2.223499,38.419293
-2.223508,38.419326
-2.223517,38.419358
-2.223526,38.419389
-2.223535,38.419421
-2.223543,38.419452
-2.223552,38.419483
-2.223561,38.419514
-2.223569,38.419545
-2.223578,38.419575
-2.223586,38.419605
-2.223594,38.419634
-2.223602,38.419664
-2.223611,38.419693
-2.223619,38.419722
-2.223627,38.419751
-2.223635,38.419779
-2.223643,38.419807
-2.223651,38.419835
-2.223658,38.419863
-2.223666,38.419890
-2.223674,38.419917
-2.223681,38.419944
-2.223689,38.419971
-2.223696,38.419997
-2.223703,38.420023
-2.223711,38.420049
-2.223718,38.420074
-2.223725,38.420099
-2.223732,38.420124
-2.223739,38.420149
-2.223746,38.420173
-2.223753,38.420197
-2.223759,38.420221
-2.223766,38.420245
-2.223773,38.420268
-2.223779,38.420291
-2.223786,38.420314
-2.223792,38.420336
-2.223798,38.420359
-2.223805,38.420381
-2.223811,38.420402
-2.223817,38.420424
-2.223823,38.420445
-2.223829,38.420465
-2.223835,38.420486
-2.223841,38.420506
-2.223846,38.420526
-2.223852,38.420546
-2.223857,38.420565
-2.223863,38.420584
-2.223868,38.420603
-2.223874,38.420622
-2.223879,38.420640
-2.223884,38.420658
-2.223889,38.420675
-2.223894,38.420693
-2.223899,38.420710
-2.223904,38.420727
-2.223909,38.420743
-2.223913,38.420759
-2.223918,38.420775
-2.223922,38.420791
-2.223927,38.420806
-2.223931,38.420821
-2.223935,38.420836
-2.223940,38.420850
-2.223944,38.420864
-2.223948,38.420878
-2.223952,38.420892
-2.223955,38.420905
-2.223959,38.420918
-2.223963,38.420930
-2.223966,38.420943
-2.223970,38.420955
-2.223973,38.420966
-2.223977,38.420978
-2.223980,38.420989
-2.223983,38.421000
-2.223986,38.421010
-2.223989,38.421020
-2.223992,38.421030
-2.223995,38.421039
-2.223998,38.421049
-2.224000,38.421058
-2.224003,38.421066
-2.224005,38.421074
-2.224007,38.421082
-2.224010,38.421090
-2.224012,38.421097
-2.224014,38.421104
-2.224016,38.421111
-2.224018,38.421117
-2.224020,38.421123
-2.224021,38.421128
-2.224023,38.421134
-2.224024,38.421139
-2.224026,38.421143
-2.224027,38.421148
-2.224028,38.421152
-2.224029,38.421155
-2.224030,38.421159
-2.224031,38.421161
-2.224032,38.421164
-2.224033,38.421166
-2.224033,38.421168
-2.224034,38.421170
-2.224034,38.421171
-2.224035,38.421172
-2.224035,38.421172
-2.224035,38.421173
-2.224035,38.421173
